11.05744686495655 6.778578685675476 -1
6.448440887036018 19.858761082484836 1
6.572148725069491 9.966375254328483 -1
16.65861628341275 9.140542789316381 1
16.982133008650603 5.787209202832053 1
11.814413870877305 6.3122180060961774 -1
5.216738982507945 10.498242930728326 -1
11.150255176798709 1.7286823192116985 1
17.227671201674085 13.705269723960088 1
10.153599505034034 8.718975077074138 -1
6.281983720348936 2.51782372475015 1
6.0442168726474454 11.351895710549195 -1
7.796871908148891 15.298771713349868 -1
6.5643702751863415 2.6211568453580036 1
4.751192996638665 1.1911488164722694 1
13.352119363988455 6.141259473761003 -1
15.726079793221714 2.967877594931718 1
7.673704648728117 8.931339192693624 -1
7.138635116570788 9.176572936645186 -1
6.661607111197833 19.296243853757865 1
11.949562637458973 19.723985638630605 1
6.556275429911014 13.227980128691145 -1
5.939506939322465 2.8148699774340313 1
12.661175647172875 11.601059879857605 -1
18.019495015056112 12.82740603472359 1
10.939860466434583 10.670093229944298 -1
11.262252969862539 0.6437172358472121 1
6.72787003725267 12.137225688249863 -1
18.907137163220366 3.4843316263126267 1
4.601841100262778 12.259813428456525 -1
16.867770725179398 14.498866276273482 1
10.76165297738848 14.319672622247396 -1
13.09464179379738 14.788262390021865 -1
10.821471531660814 3.131281589454522 1
2.159167282807326 13.957654332635997 1
11.294853859025853 7.828094279460361 -1
9.652116843728866 13.03817409385588 -1
18.082804325722087 16.597392420107518 1
4.316249019666953 0.21614923987321566 1
12.277295876211003 8.082323081585104 -1
16.60503836727399 4.2807446348860045 1
4.647922575253453 10.730208362445355 -1
1.1767867027844803 0.4546908058050625 1
10.104950963012806 14.751174928979264 -1
16.672749085479133 9.420398365908717 1
11.556270384003628 9.100832216587524 -1
15.016793503209659 1.1579890736279297 1
13.061472237608188 10.620240415636037 -1
3.6591717451588868 19.57162885962407 1
5.498843993971912 10.999169976116605 -1
19.07542890204133 3.1017330973554236 1
13.454789665756818 13.427060052845817 -1
18.174368023731194 3.2814306645643954 1
8.179025133722508 4.306769755960252 -1
15.28815989020005 5.612448736366247 1
13.85181375455317 10.48696650418825 -1
19.519603822115307 6.627907692397994 1
8.29436463758112 10.999850050581625 -1
9.01246047678989 2.034169287725107 1
5.4365628928759495 9.211596452412657 -1
6.0460342751966145 1.2704547967614332 1
5.655522380425451 13.260549850160634 -1
7.3911324171928605 14.221345004004025 -1
12.310690092577985 0.10706483842489511 1
9.815571011905027 17.22547354141089 1
7.571539645191017 13.739164787556867 -1
1.3739774125617843 5.008897150165941 1
14.338387830670085 12.75546405333065 -1
8.810988128947336 12.672989103383106 -1
4.928091348534154 13.471940313094402 1
15.74987620443845 1.1835884534966779 1
9.693439558401597 12.010973289366147 -1
17.045269261785812 18.774635011108806 1
6.952821279168228 8.22774578126543 -1
9.410343624595454 2.090335810809143 1
8.706676422502529 13.714220030701462 -1
12.86257276417841 7.216573712289314 -1
12.69669654416459 2.75471274832797 1
6.504899479823891 14.173226680917656 -1
0.2472875365621463 12.839377168125985 1
1.4179538419820803 5.558883391614162 1
9.85975281694304 14.362675368958126 -1
7.267155844833697 2.9572374053758943 1
10.676170632681881 9.345782371484647 -1
16.514141158796527 9.479066815865407 1
13.186841727585783 5.84175200643926 -1
14.166932035957643 14.883050604611778 1
10.478561125166774 14.116869303677614 -1
10.625665367629765 2.0374155093400237 1
4.68396449300664 11.937484832100063 -1
3.4724104785459953 3.9367604276262136 1
8.942800650250584 13.874464531024786 -1
9.866466941914226 18.08680782607117 1
12.806403588348335 10.22048857151012 -1
14.82903671046363 3.2741488612998526 1
15.770255297038979 9.34724207443253 -1
1.4650471770244877 12.769222617233467 1
9.737076719930023 6.857038912358913 -1
15.697180112457922 11.008664637613867 -1
18.824244854300993 2.635457769994838 1
17.626135315653563 14.010561472851117 1
15.320553397082211 7.831489420476425 -1
5.113339511418731 5.091508436024348 1
12.253427560356524 14.866065778356933 -1
11.71969753788451 10.233914593802977 -1
5.166505332199332 1.1946744057164649 1
7.55184006585927 4.01564594314676 1
8.113344620049823 4.464398946473072 -1
3.0801013080628192 8.003367913317458 1
12.20398536686103 14.174795426740445 -1
2.542119911248799 17.4089994262976 1
11.460416468282837 8.811955365511464 -1
0.30598854527867925 15.623352104706044 1
7.6278240076124 5.160881217880833 -1
5.164161557520659 19.565177101033843 1
7.10932749526012 12.004925950760308 -1
19.701670085735486 16.319254317805665 1
7.526262408013902 10.401970594750807 -1
10.572109482620204 14.714347865266852 -1
12.695140897029056 17.844677605724527 1
0.5332083181213676 7.602392934146193 1
10.521830392104723 8.063311326815308 -1
9.288486867361208 12.336352427042815 -1
14.218188319056743 5.39190296084109 1
4.977042383842307 9.998504887157056 -1
18.900598390760372 19.584169055083866 1
16.915630851574463 18.72256872286585 1
12.278576370022979 5.299588012953764 -1
12.532955073811973 12.345090901954254 -1
16.03796274432642 0.2859586025283156 1
11.768228592722291 10.813209118371985 -1
7.48627819462337 3.43331735699395 1
1.2633166666938433 13.875963035745297 1
14.695777189177264 10.25834097599655 -1
15.76617601529874 0.4479466234781615 1
6.38471578455607 6.620987626825423 -1
11.764169843182152 1.6990292181501654 1
4.289617004757584 9.614038886316356 -1
18.978680165906823 7.667216164459607 1
14.883609120044603 13.406666097398023 -1
15.355416270376502 10.214808224959235 -1
7.360473628432209 16.829830989621403 1
3.9193005130461644 13.408676586588355 1
8.529486485762865 12.663755291212464 -1
9.6030731873328 17.024717576061015 1
10.323701556742655 4.899134700255088 -1
3.101303970441416 5.807494571963638 1
12.343245178933554 8.196698930638988 -1
0.10800586388230338 0.20070351670947728 1
11.324508695130257 10.574655651122075 -1
17.459235354037737 1.143390738248713 1
8.142539447960592 11.499088306984076 -1
11.915854835814272 16.35910800789788 1
8.834726512704904 9.107161187008685 -1
4.933209222551504 9.297235220691725 -1
17.68943649319262 7.826011757795097 1
11.319752998384 12.582065832235678 -1
16.8047622098014 19.929983974460093 1
18.858227492029677 16.678214145049232 1
6.66164944954311 9.149039887560239 -1
2.649950835186763 12.420744235273677 1
8.802045102313361 13.642041021158972 -1
8.154613244453468 16.09208628777135 1
11.599334428237473 6.500824995592258 -1
5.770567168654557 6.494928098324008 -1
2.7671102072846554 19.479140343638544 1
1.1455084970138962 5.240245139840642 1
5.539726132906981 9.338514275423853 -1
8.5737938889545 18.583547038228524 1
11.4382080427845 14.377945930899632 -1
7.136656442475353 10.224324186891273 -1
2.14617362488704 4.905778157409868 1
12.649485326367438 18.105975056431124 1
14.582479722247868 12.03960288059209 -1
2.260258214248181 19.06953210858579 1
10.996576642194512 7.8247935188717825 -1
2.35232841608233 14.725293247533704 1
8.802080429420457 8.14582814386853 -1
17.330108192399575 13.750462059968232 1
13.396606805181433 10.056687824803635 -1
5.2355156367028215 11.803099661639143 -1
8.416088171053921 16.66619729283842 1
7.940848053655849 9.83617667724302 -1
6.528164005666199 15.556085664603625 1
18.579452901639154 2.512837749453174 1
12.02558789266022 6.358044090857582 -1
4.723940380622427 10.401221376879432 -1
19.883558735600285 0.2132153031421069 1
14.284638428314459 1.6098465373519288 1
12.907944517006051 7.871792812569584 -1
7.698280397136454 10.326610462087796 -1
9.627466812330894 1.7120963425838642 1
8.726675599704842 7.1029206704237 -1
3.2274079930641597 17.244445195414393 1
12.883335445514735 19.719209294042965 1
12.598545942110007 8.872820798877042 -1
11.402173115294689 5.396655219054843 -1
18.778741343601165 0.6055013953327237 1
13.80516132408613 17.363156496091904 1
12.10651564802413 13.044671209815693 -1
0.37218153307842616 12.325469188208544 1
8.372155738028294 11.585962040017371 -1
2.1173706065782594 6.873697407305704 1
12.446292314473851 11.53464917344868 -1
18.138570563271358 8.188774017983334 1
6.484342605206958 12.881073417902073 -1
8.663973897179991 12.463266237486554 -1
1.2047859301920383 19.8537748342205 1
7.551815721551751 1.3215347230409602 1
5.521479331535786 13.92120786833463 -1
18.150294832384514 0.10946890899701245 1
7.650324849521146 10.325108448104768 -1
7.510377048117971 13.572072205606576 -1
4.298489209970762 15.775375458856324 1
4.474114816478223 18.06982928730301 1
12.52043081293092 4.716707351346638 -1
9.016277364477435 1.7483687394312009 1
15.675896345589898 11.83535824229206 -1
8.630309045001791 15.517153048540685 -1
16.570407058580898 2.4163949360343406 1
11.166710925053378 11.401024065381474 -1
0.8240864641707235 13.517423940576222 1
3.818840391816818 10.413967108118277 1
10.152316383265136 8.035482492199534 -1
18.57057611400051 11.814788120436468 1
12.83812574022534 12.341811778278988 -1
10.559950800175042 5.876669182546193 -1
4.073870064796559 0.6394502875248453 1
1.7188502389089266 6.298859757348874 1
7.343458899948243 5.562478136733335 -1
8.089239277387726 11.566181033855507 -1
8.830462464628583 0.193605503428933 1
3.5299208836802665 14.397494445999389 1
12.651122261681492 12.817824859011086 -1
4.798601268426241 2.1364824624372214 1
9.314791274065087 4.1491599296996196 -1
6.044561764822407 11.7702509337576 -1
16.930010929787404 15.510159840220414 1
14.275551693086967 2.8194324990974673 1
12.43484317250825 13.963603973791878 -1
6.022280971027374 14.989512703682596 1
11.770848752949512 5.804380783057638 -1
2.449709197097596 19.568628909504014 1
7.354560940783708 14.259280383155206 -1
2.452833153662306 14.339394116534017 1
4.739209915122133 10.715951898453032 -1
15.56940189267167 12.010349642370661 -1
8.140556504276315 4.002112450390061 1
6.809795626008011 15.532616968826257 1
12.285053039133317 8.123797526188984 -1
17.536494002099076 3.2128734320605723 1
7.027837978434199 12.366084534308992 -1
17.663114591585195 5.141314304870805 1
5.85167033937199 12.972515232544964 -1
0.3551150933388425 12.333994721687237 1
4.429511561785966 11.659187468190053 -1
5.334822233634564 1.5710844869269902 1
9.57757274180901 14.392568330835392 -1
14.300207587290522 13.403964727951678 -1
4.274716933016696 18.563996100608236 1
0.9467421206053883 12.28868610385087 1
12.68563158059443 4.99020727895402 -1
18.1744143442688 13.480661641122014 1
10.063220201624635 6.270131613124022 -1
17.27137573690211 8.343059146355372 1
10.163161489324244 14.092707049486608 -1
2.58979138242297 16.590389521561836 1
5.565958400993369 7.570297945187063 -1
8.856454163201077 3.2122572444599173 1
12.400117895145561 11.179310211461909 -1
1.1452516046594807 7.7246168247024105 1
14.871849919484095 12.785645913624922 -1
5.4317765045652955 7.987289649023013 -1
12.26870775343497 17.172806035070657 1
15.475832235102281 8.788639860775229 -1
6.236090030295913 5.278449744128877 1
6.517383517317075 0.2395913148064377 1
8.051602552701077 14.99217432025146 -1
12.350190493132496 14.86176706403489 -1
17.22823637787397 17.75637154214875 1
8.939458009166163 6.737864942421863 -1
2.1504792044577425 14.98057231943829 1
3.0570214352049163 14.464243726590503 1
8.739485317288853 11.384147591219056 -1
4.994469141967198 1.384501032301182 1
15.484744241825455 9.58417366704943 -1
2.4619992219045805 0.7327510303650198 1
8.893993912949384 12.449496245160041 -1
13.339903380841662 1.1879850546806114 1
14.161015342370064 10.540504057209827 -1
1.590462384541531 6.757535574045717 1
5.146812384438492 13.515840642805902 -1
9.564121766417932 8.169846526378123 -1
2.17860500552588 1.397574838058948 1
14.761526935548448 13.787259205699174 1
4.1584344679711265 11.277474004373303 -1
11.636160113237874 0.981666970358881 1
15.475315300223231 10.52285008782192 -1
14.70770015780867 18.392750248795686 1
6.166604743205724 7.638679544277953 -1
17.339259602846177 12.127850224585561 1
10.000666915669656 14.606875547823467 -1
2.5330904641005603 13.480650561330286 1
9.796564414273623 8.27794756981723 -1
13.116446121522081 5.910399009996441 -1
8.813924257011553 17.133744922855648 1
18.64316523448337 14.064485687091356 1
10.914199629337988 11.913101414657628 -1
6.213597668601539 5.999902947424289 -1
15.616735161277003 7.126901348950126 1
0.937773690896202 11.687918487250911 1
5.598625583201611 8.894596463682971 -1
16.420641531012787 0.29540854254092475 1
13.262913745110403 6.471320542317576 -1
12.38904183440372 14.078186582301269 -1
2.5231733632055597 18.22764999954733 1
6.089680390962508 1.9403233737834191 1
7.740664869762335 7.837613802929577 -1
17.98868499913049 11.00287549457258 1
11.918029084208728 5.923142466070857 -1
18.981178055018464 3.76422700650747 1
4.027378893476639 10.085233814182622 -1
3.040938451487032 0.5941208944842402 1
5.390751000770077 9.605991093403448 -1
15.282861759352993 18.359671491088065 1
14.895612194458373 12.660750273184696 -1
17.61703132361652 2.6437711067709357 1
7.999963898528309 10.302505977458463 -1
2.3097220775982863 4.008140577575878 1
14.13379278590498 10.548042214759391 -1
9.494333667373473 10.338314401444253 -1
14.694076341377226 5.805218687047904 1
3.8922988029385874 15.618968686308477 1
10.04477472775038 15.214903670043377 -1
4.936878735375581 17.517252137394408 1
9.5095047041473 8.073365405991131 -1
1.4633081986826424 17.91407147780827 1
12.091796882660946 7.066579449234139 -1
12.205920970932828 8.73573790432133 -1
15.973618941111729 3.5797347524866274 1
10.298917646396886 5.196435511924411 -1
1.3037145652304005 4.758658822571578 1
12.4266301964877 5.369111075173844 -1
5.966008285006234 1.2363635988500898 1
16.9036704081092 2.393657026463516 1
7.120581456038018 10.642700287149713 -1
8.970971772969401 3.9661757701717226 1
8.290137146697631 10.657235475528735 -1
12.992644476389174 8.107431057475544 -1
5.410904186080316 1.9378176413851578 1
2.21488451742615 0.27887246007761934 1
9.538369473380309 8.451161321007774 -1
2.9722699803328556 11.849808189161411 1
6.11530059118418 7.170117967542097 -1
6.222626925579952 8.435226058357546 -1
8.074015396318908 3.295955798571464 1
0.8040560471686509 11.464995685422936 1
6.026699452214834 10.811113868643414 -1
8.519737358166617 13.794382741324648 -1
15.70234030719023 6.1877647046050726 1
5.421239136874389 10.596067800249179 -1
11.702487845594522 16.98808154642833 1
2.2554741184549987 15.584630365901118 1
8.148524537676025 8.608905254481318 -1
19.42867080957444 17.23364240767538 1
10.199695591683193 10.518204617949795 -1
14.752688432274304 11.181480363448008 -1
2.943856541040444 11.969936695057996 1
11.580063419140936 15.688324072059531 -1
18.678832200088863 17.56195669913426 1
12.66255370881279 10.577441791474085 -1
7.080019682789884 19.83162263843451 1
0.11496966295321265 15.439758715607045 1
15.707484123864228 9.649944116272412 -1
8.547690783570092 6.468112445926197 -1
2.857155044774131 5.556635125813331 1
6.464928330826467 18.985009692273753 1
10.141346013813282 5.186292883624983 -1
13.201630337308316 9.918783573587362 -1
16.33361175189342 15.364709558042605 1
14.605603938410916 15.296582881508169 1
7.172404387208355 12.785314742796366 -1
10.513034968296267 2.4202623338612472 1
8.212569373435446 6.747900125570143 -1
6.3456522235855894 6.705343303727965 -1
16.20748958906304 12.245350248869553 1
1.8484561028934854 2.8234414253959117 1
5.864766605346872 9.302371856579377 -1
0.2723806060376033 9.513132070246792 1
6.159988895997948 13.999796135813687 -1
17.184435989403944 16.8570805903181 1
5.719381876665189 9.201332159529782 -1
7.009878240240786 14.553817899546708 -1
1.94018962244759 10.632578179584195 1
15.354208193952099 12.618467090535027 -1
2.5518323446737923 15.883680179548618 1
18.95154080324903 5.913947745234378 1
13.280951251341124 13.527454263482026 -1
7.662658229037003 6.023061860495023 -1
17.058345826285407 18.630021524418453 1
10.199325477868621 5.234049213615448 -1
15.728276627523758 0.020480128589830393 1
12.67423290508523 5.490676285081633 -1
17.06299834435346 7.486296208722836 1
16.076598531439586 17.864541327149364 1
11.182451105768862 4.992482166132055 -1
7.551762675090639 14.183497792928556 -1
16.27261024740465 18.605254987036904 1
7.706881275067532 18.413561160583846 1
8.252540410186262 6.647293983543234 -1
19.158934983521696 3.362491097299174 1
4.558056797869545 9.184299217042977 -1
6.391246448413 10.145281336923686 -1
8.16088557044105 2.5225503577347808 1
3.96704084705239 3.7505039534929474 1
11.961540081583493 7.686218393029607 -1
1.1243613905794647 5.277865311283783 1
6.174910612372635 13.16390650828396 -1
17.19260814543456 8.639162387087529 1
15.586341140006017 10.298520334990691 -1
2.597623886896634 9.125189315711975 1
13.622931699222649 8.941005246623117 -1
7.05350051276686 17.296859962768174 1
8.443023975077102 11.337188604764101 -1
19.15247522547509 14.302027682590811 1
10.330654973528857 5.970193219543674 -1
8.148993465859764 5.063052611564489 -1
16.50352080249879 19.063751928169008 1
5.345034771210497 9.20285888803614 -1
15.382544811858951 19.394973210894253 1
11.615509351892284 14.093944390409883 -1
1.563118920212201 11.091825386576621 1
16.658058291239616 12.498376991351206 1
14.672384096234776 11.147298448551219 -1
15.082097571424551 15.151165377421151 1
11.996703487726986 4.869273050906 -1
3.6559637491992514 12.712882437162044 1
11.392211015827389 11.594074785224837 -1
10.528319077095617 0.009785505175068376 1
6.810580518558352 11.974718806389156 -1
16.442470244693823 14.855122685585552 1
9.239047876176087 13.620748354207207 -1
18.307763611389547 8.991731442107831 1
15.25006651252166 10.42297839106592 -1
6.565447007940415 2.7268414608098124 1
10.480974851358036 6.4871549406746425 -1
11.302323236964028 16.070094153746222 1
6.501753196560685 13.557019805269166 -1
13.507010293632206 16.32922845817255 1
8.16541738484353 6.933642818540076 -1
19.460907932232264 5.016906542645629 1
11.70352330871603 10.201310838002382 -1
14.907800452286828 2.6220040633432085 1
9.620038448877253 7.7584050661447135 -1
8.391552990757205 14.704774361206335 -1
16.877741601908912 15.379135034548392 1
4.526060073389453 9.871392670482141 -1
19.243783514861505 11.685962528060541 1
11.8548369171619 10.126937695424076 -1
7.358384669623394 18.63979971267908 1
18.966607450492752 14.118332686047111 1
13.589183960640911 11.100445729506522 -1
8.48496471965757 18.849953218926526 1
5.785637623384141 7.3837779575562905 -1
10.296195521855534 6.611259302793593 -1
1.8433667628121375 0.6584861919132612 1
10.851638555148973 3.215373460349975 1
10.412873273274883 4.873117192830554 -1
12.366800218278389 19.37033071078182 1
14.593146526336733 7.145435006700154 -1
2.9757708695836182 8.423640884874539 1
10.217667051167824 10.515160192422673 -1
4.86752714735559 13.444677739592628 1
13.27908519654412 14.477402988691562 -1
4.038693024919288 12.09088732557227 1
11.050045330503712 15.22032843309721 -1
4.698294255771367 17.098531115371095 1
11.08698172256305 5.308267545004119 -1
13.038061510837775 15.891540337297167 1
10.083674275908447 13.698971314709576 -1
18.138311366279773 12.524601038615659 1
13.352264478926507 13.967236815322664 -1
15.358940451106509 12.351251541964734 -1
19.101366312243048 3.4515881446104357 1
19.14349823064782 17.19273741551944 1
12.072726278718841 6.987579773100294 -1
1.4268182760258075 9.911009090893135 1
11.533510891778757 15.220648433795745 -1
14.67949983942879 7.103099551036576 -1
19.513689354505466 18.037038053689965 1
1.37481653591921 10.30909111601247 1
13.443002680514681 11.899964998611319 -1
18.97469457947157 16.32059798263889 1
6.911939930296573 4.993712733223534 -1
11.762345528530023 16.59966904078788 1
13.055786670072958 14.494273327603267 -1
0.28663855959577544 18.487694971039343 1
13.467448416186688 8.10815404575607 -1
2.8492029857236134 14.847454355228626 1
9.280063982871436 15.87233363358999 -1
4.741777245306076 10.821279861037233 -1
2.565944202410646 4.815581418955819 1
8.51949806233025 4.6982456261728895 -1
9.569395342840876 16.68708439222557 1
19.319974759650457 14.248988319697023 1
4.8695394708309525 12.105984947840042 -1
7.136927827522623 18.23195766520159 1
9.585410355092627 6.758920233994443 -1
12.415357691501313 17.745431195645438 1
9.34411726577375 11.188801963340145 -1
6.720721452599909 10.315582576264175 -1
17.567766518931816 6.599394346368815 1
12.760605231265245 1.4538304368891475 1
8.537740658008904 12.667159926948802 -1
19.314289187106674 0.4692046274332906 1
8.741062220254005 6.2034122537425285 -1
0.31107572417474083 19.806006500784058 1
7.854276234733996 13.837684446236496 -1
18.030878056599033 10.237867530829758 1
10.884737977586884 10.112245973354845 -1
18.948874256935458 0.18589662530972495 1
12.425437804915147 11.119521724255284 -1
1.9986104933352067 14.42405955414538 1
11.605785382292835 5.293233349654858 -1
1.7170415830392405 2.6195597689409156 1
10.014855576749254 10.821750981518765 -1
2.5337204004143388 19.467095390493256 1
14.981489832918305 12.802146215988552 -1
0.7372300681728716 0.3470948915937999 1
11.592742822682315 5.222536078856774 -1
17.694299232058228 17.595998007713302 1
12.584861937308947 15.02604863502498 -1
19.61284777428967 0.7010235103961415 1
9.4373814089378 14.043083488453515 -1
1.239755533143172 11.705391203394193 1
8.703229928420594 14.12550215142604 -1
13.595691149572055 14.831490040289278 1
10.13574533390101 4.267377738774465 -1
19.32355844254073 19.37366216315883 1
13.137955742027863 13.03561053464066 -1
12.063686827447505 7.674656774844502 -1
18.462286154740767 6.758773868678574 1
6.902487082590785 15.69900801465607 1
13.05213748722335 13.631068567502576 -1
7.088145152302056 18.424240190766398 1
7.529842785096415 5.196415110419393 -1
10.953782389303742 6.847804615913775 -1
3.23034106302285 16.687148196548208 1
1.7486357147724108 15.311580819894148 1
14.022517004105543 9.384523558882607 -1
16.274655506827102 15.910167492480037 1
9.759140127775582 4.197982456955376 -1
8.837170951999056 5.535937619464521 -1
19.839749374154778 3.1995258031642515 1
18.989979724310086 4.295366184732394 1
12.559158519510689 12.613345580054236 -1
3.9462396125741916 8.472523318547223 1
10.720607036632723 4.880423879368799 -1
19.638780189204443 0.6441997038515046 1
8.500480222656705 15.61138876596221 -1
10.840491250585698 15.656003790087619 -1
11.604674068407085 2.3147735594074192 1
1.9269123001424426 6.127776956439 1
9.03932168521128 5.500329292191262 -1
2.7621171458519322 1.43232289828795 1
9.463050756585176 15.581606092334175 -1
6.9401537937117475 19.70895866956333 1
13.22785520365208 8.473342505427002 -1
11.191490803517025 1.8997505771778878 1
9.61166545186167 12.021830468321594 -1
12.936178400099621 17.54758492780872 1
7.400746563454154 8.63254542010232 -1
9.84242747210416 3.316057209747134 1
5.5659785691617625 8.069998356790487 -1
8.082114310383952 12.902325199401606 -1
15.214853900804655 4.267296660629205 1
17.13829787051177 7.417691326431701 1
6.3834935364110805 9.260533417600435 -1
16.23488727805609 17.556222057609837 1
9.943359515702086 15.901864171940062 -1
4.0054494406186825 3.3306861210877114 1
6.244118932760596 7.434839627982828 -1
6.789838127336953 19.422724044057283 1
9.74787077329022 9.752918950580698 -1
1.8966189512337706 15.642703301007439 1
7.88469509335709 5.584723390844458 -1
17.2223563000942 2.9381705284627357 1
12.769092945588286 9.55224649164714 -1
11.722508969102272 19.930062356674025 1
6.249842619746135 8.444717371560163 -1
2.4295713353636694 16.99841569572824 1
9.98662590238923 7.862064570780369 -1
4.654265738120415 9.868461520817721 -1
16.508993400322485 18.57431383805591 1
2.3312158026761454 0.32649757024386883 1
11.171496034641951 4.480876261026663 -1
15.579704301116031 6.451418276204858 1
12.073372612091383 11.169123531229326 -1
2.548418459890651 12.860273287216785 1
11.509962984855488 13.44072643303023 -1
9.145128392756718 8.989838971661147 -1
3.5006841687163837 9.140156877747552 1
4.704729149136075 8.954419904770361 -1
14.69618648552628 16.064671779049338 1
2.286812789366812 6.7595404873373806 1
8.141420836095367 13.073365701456547 -1
13.565561075826505 9.106424875478265 -1
6.272445606432971 17.174565484264104 1
8.08514674062722 5.698502528666136 -1
5.721616123690496 1.2649536507798165 1
18.883372973638227 2.896990963715065 1
7.050784062990982 11.137535046697051 -1
14.625780734620513 1.983088513587723 1
11.1889369098294 14.183149065021794 -1
7.812170407990542 14.606674387621933 -1
4.63328676472414 7.214757574989354 1
3.424155677150349 19.06179033709701 1
6.378839127045321 5.288563759953262 -1
6.881926845860741 15.50438588450341 1
15.420180582069644 8.356361384191864 -1
7.261107987111533 19.73463180966801 1
4.901340906330256 10.145151482133565 -1
18.914186102867763 11.71181325827489 1
8.820729423856298 4.189657397409688 -1
5.608125869347664 19.563566458394696 1
10.513598130068724 5.5889556716657545 -1
4.446482917244343 18.358331860397566 1
10.609742249274243 9.154165954220401 -1
9.209653941398914 19.963311873532984 1
9.51584190229858 7.657875817806761 -1
7.934307369233283 16.571959841295318 1
15.713800374516353 8.679478215161595 -1
7.844838861707384 1.7044305820523742 1
13.333411011459395 10.379703738777229 -1
11.427287218791989 10.121531999636314 -1
16.329557350893605 12.41708802697204 1
14.549117386017087 4.923389956695978 1
4.751527203212628 9.452813324614072 -1
3.8884942748498452 18.08449174381102 1
6.247532070786113 11.36395884575748 -1
17.83015516545264 1.5009169088519325 1
11.687325880489466 14.280869011657934 -1
1.8355876145831718 12.963623532977051 1
10.8926640159288 10.36304011662046 -1
5.021073704575261 4.3899171958808525 1
12.219878619088647 10.314218068747268 -1
9.036960980803073 9.65785313770559 -1
18.500602696592225 8.840147378625096 1
13.247605740620918 7.402289766829863 -1
18.502281058875923 14.973597588153478 1
14.862969718581674 3.8639816258634507 1
11.565803772888225 14.236485510654433 -1
19.13167531501551 13.449619262528081 1
15.581827463468407 11.230397054345428 -1
14.292805480863315 4.881233879801252 1
9.676174051797318 10.407112811238619 -1
1.9259789446071385 2.45915051450168 1
4.095450793939792 9.922924730690939 -1
16.026613477787116 2.436599438757203 1
13.464839168008986 13.38142417565344 -1
16.553188009690633 6.910131227672296 1
8.199767765210048 6.721595732283863 -1
15.210746852888233 9.929366912410472 -1
19.853331315034797 8.777047472462716 1
4.226852434864643 19.99621716952356 1
8.305890905292209 9.045239704046079 -1
2.6409095359921597 4.02032623628648 1
10.016045821916851 4.857694450081167 -1
19.689274593679308 7.607214237718489 1
9.463392371679323 5.451110692025088 -1
5.995399064903721 4.306411603936146 1
9.30880507662616 10.571107244901354 -1
4.351248011856144 13.050731572188878 1
14.072561206203517 12.829995889892587 -1
14.565089273542238 8.179123445795016 -1
12.49811834137324 18.251709780324784 1
17.277854837679698 1.0275556227596683 1
10.493759521543334 13.236613384958174 -1
13.917249484543824 15.44713176513672 1
6.159805537720924 13.098668254069674 -1
2.9069489688294836 4.739336062095023 1
13.382168158705728 9.357039948818048 -1
3.3885953188093487 16.72230943517175 1
15.045966000726324 10.4522517201728 -1
7.527244608534163 3.4085120534175495 1
6.372523308129281 13.538755906788797 -1
18.733371006364877 6.27785678288086 1
11.554612436883176 10.53730109160816 -1
9.381372316316206 11.9178430762362 -1
14.736260858484396 18.24206060793336 1
4.887333062344155 4.654012501910023 1
10.44783590410233 8.65919776031138 -1
11.903407432184656 7.420920121500236 -1
0.07052855245322398 14.278346492406591 1
1.0430487036191805 19.630422843133562 1
9.303822412801106 11.145873191980993 -1
9.609717653109335 1.587630683640966 1
13.405025045983452 7.909363315694793 -1
1.3995461638470896 16.077457613951267 1
8.458940879967498 14.735515420360832 -1
16.571850473356726 18.675469032266577 1
11.570779736163697 12.311421919338608 -1
9.229939324665118 16.861152080792053 1
9.924644819695494 10.014241334116514 -1
10.161321488416501 0.4307758326818667 1
12.576501426387212 10.63378454001112 -1
14.155405176020322 8.562868209530379 -1
16.590444732024213 13.062982308097446 1
1.0682721190452904 5.469801654532076 1
6.5056401059499125 11.99669258609855 -1
5.263161239575515 6.3480552376849975 -1
16.330629465339527 14.299004930061338 1
11.089903324244029 18.2861336307683 1
8.37244133201256 15.404059616535616 -1
17.439351559345894 6.287291319501165 1
11.013767499960922 12.400361487006407 -1
0.47113031367630676 0.7961011647878236 1
10.815076272648616 13.535977465760476 -1
7.7437911154704775 6.044638139512948 -1
1.717716027154561 6.423063108155407 1
9.401317900794538 15.196938454028162 -1
9.693173410272934 17.613626441249455 1
17.72840699309414 3.8190174285444356 1
13.113026965812505 10.1322199309986 -1
7.644917905689573 14.21935330692784 -1
15.623019593813229 16.97939523725193 1
16.17288773622659 3.5273815502776285 1
4.571607219963576 10.583209823237747 -1
8.160652212233792 19.923553002576014 1
8.377015934278308 15.665985989724014 -1
8.303008842249335 16.55618954121492 1
9.074991925164085 9.240926509601373 -1
12.582717284929718 5.9827572120426975 -1
4.313669263302802 17.450098410705735 1
2.167163555618361 13.760333208981972 1
12.486739250242017 10.748394883033015 -1
5.848285926912055 0.6123887288467378 1
13.226470086092368 8.880141915830935 -1
17.803935953652815 6.553388777039868 1
5.497725232747657 6.944879560625279 -1
2.815721530030655 6.658729035399038 1
12.94787586302007 11.75717410084374 -1
9.538247145902846 17.788353271859382 1
12.953098752674883 13.44692663333082 -1
16.813645869331083 10.087286202480719 1
4.854067139024867 9.425950731806768 -1
3.60345888968439 1.8644529080368444 1
11.645945163353257 6.854725975533773 -1
17.897883526017758 7.266187297151241 1
11.974847780408764 15.58391112296423 -1
10.619909308699341 13.674887246871103 -1
19.671084582602248 2.2655762434692517 1
19.299290745132325 13.733612585473887 1
7.756249362620702 13.543836521552278 -1
5.378937225298204 6.264912272730683 -1
1.9223942527971816 7.769792142437089 1
2.8168086056173536 2.56676231406455 1
5.582784079263712 8.709064069585008 -1
3.504777424596728 5.030228902799527 1
11.866790171891159 9.584520903198444 -1
13.788228194334444 3.312885727595545 1
6.846201992551924 13.07222451744817 -1
13.549510538940805 1.8082385298013959 1
6.596582246112909 12.593352763685004 -1
0.1362816210512552 1.9039922886877547 1
6.5697711927505615 6.666218619236024 -1
7.6605468983788105 15.479888960192161 -1
15.70880651499468 2.095832864259919 1
10.385658729595477 18.998099142819004 1
8.857067313832683 13.487085094951992 -1
18.63738604861833 0.5826509952833403 1
6.820680080161994 10.610973203566761 -1
4.274793778153407 19.806047381829096 1
11.900514242885851 10.312207089704156 -1
14.36153760887647 6.303023734136666 -1
6.384134536801806 0.48905063662460835 1
14.322352855981196 10.404795298197392 -1
18.561302909831113 0.039507929375384165 1
1.9687881215446001 12.258724323032666 1
10.447341890553224 9.741708342381125 -1
0.732054931118189 18.104323226503027 1
7.307294690931738 6.520389730214566 -1
9.925955289506048 8.021362049240857 -1
7.255886262977354 1.4689717575674144 1
13.607945251316744 1.86261952631821 1
12.951499873662938 6.452847651413675 -1
0.8478547878611153 19.40534730882033 1
7.221658406740234 10.459318387693106 -1
5.796527183850997 17.70917471715485 1
7.192889120148697 12.421253505821618 -1
15.227311055956 12.632332022711292 -1
14.672842833700123 15.636833389099658 1
5.759725330282026 10.621173208916748 -1
2.75472886626398 7.9166970092604565 1
16.75265157147006 15.254583627963045 1
6.673937882856505 7.61425413671769 -1
7.633020749095594 1.0258116565279485 1
9.189856506272331 9.223709143885003 -1
19.74788822490477 7.428323458061639 1
6.528354300354349 6.19592631396614 -1
16.765968859453707 18.49929066259226 1
10.276632914582052 15.305153122153216 -1
4.296111214642766 10.068474982190057 -1
6.374890679845889 3.555704925071159 1
4.453470420064307 14.244243082513133 1
13.855615166485471 11.382222857546758 -1
0.44230431897456013 4.235214182667146 1
9.679812708111497 4.585692530826984 -1
5.962152733578554 17.57474875091378 1
6.0328019084910185 9.49786738839779 -1
8.985403412184587 19.013453209514626 1
14.952839115461405 6.853227287651567 -1
4.468658453282739 19.334265006632666 1
7.734091371900909 7.832834732756413 -1
16.787701622930314 5.7440628161668394 1
9.611004548856435 11.978475431390391 -1
18.0111300507154 4.964568311295238 1
9.740188081813194 15.066241541438625 -1
17.545984332084167 19.915042416222445 1
13.029643046701958 12.952373918847107 -1
12.60594224426933 10.74573615706373 -1
7.7176633833613835 15.848552715337018 1
13.571274496235537 4.342284309721947 1
13.799096274037844 11.000885082774264 -1
1.0041951514496894 8.743679300690495 1
8.270027821711919 6.123293584310452 -1
13.644517567268446 12.700153528171963 -1
0.6268362090635105 19.609198507195135 1
13.88524983019376 18.90087928835267 1
14.389868709550758 13.077117739186868 -1
19.560907604505445 9.667862853079704 1
13.291157006588712 9.532594600752 -1
14.613580281370286 17.017808427946576 1
9.75598176378029 5.810443849191729 -1
15.903896490938754 6.032004022406198 1
11.046052437688541 5.0965161810095 -1
15.042916350381327 10.275569876499127 -1
4.3007149738414014 19.719949529809135 1
14.784182883365776 5.018721337328942 1
10.075857886747412 13.461964323715055 -1
0.045939147229085986 1.4466020858599493 1
6.842760529931322 7.982539221216916 -1
12.917237363505992 10.709816216023786 -1
5.272204543922192 16.363079828795147 1
5.623107067197514 7.214624301225863 -1
15.482077603649929 16.48523308134407 1
8.46280414959872 6.97587239279144 -1
0.09123265058115226 19.748762724478727 1
13.411744948731936 18.897560103712657 1
9.881435855850816 6.1914096519984785 -1
18.592439486831243 9.522267797174791 1
7.111743472999386 8.69123378970956 -1
13.672592312216246 11.138645456789869 -1
7.725599511345362 3.016439690081818 1
9.467162194508775 9.087714077142962 -1
17.099060554092524 5.862764437368901 1
15.210136324144532 7.927222897249462 -1
13.805187548125996 14.909522169036102 1
6.660060950928742 6.5849248767665465 -1
16.168612111558765 0.6042581297050553 1
11.784622669295794 13.180524309116969 -1
2.192007573343011 13.370201592754372 1
14.742829885367462 0.7584640581810875 1
11.57666656185345 9.839195727489752 -1
10.698580841282867 5.5512454297022344 -1
17.320719217378187 19.702067167751455 1
6.533530142331438 15.859057916239028 1
6.775034782634355 10.003775303302913 -1
10.134119565286868 4.356691613969021 -1
0.9105737741913611 5.875155067210138 1
3.558483979573932 9.60104255839541 1
13.380566847479447 6.261859192016075 -1
3.408364065163303 12.614502508926629 1
11.968484335798513 11.058592491003889 -1
5.793047695188309 3.0893542189543033 1
5.3942266900093045 7.608815199448699 -1
14.092187444415853 8.505164647839564 -1
8.949661855940702 19.54728451387296 1
6.732688724947293 18.8948367148468 1
6.771433328910536 8.498581284648079 -1
18.79613044394533 6.895665628961436 1
14.476974119987727 7.457682595638659 -1
16.72813280655764 12.069471118244126 1
8.14522402804781 6.64790313146151 -1
10.108384249878606 0.7349621793701644 1
7.5214043356155 11.601108499409847 -1
18.967456315272855 18.615643668247582 1
9.897327113513262 6.208305465482836 -1
15.40589818423431 16.50505611052951 1
10.297119430959436 13.09584682201622 -1
3.6112160116495384 16.822374160604724 1
13.122408884795417 5.0232098338563524 -1
6.621052521723687 12.950626159373426 -1
15.612322123493712 1.8163677583540716 1
0.5674620316755252 2.533881739043631 1
4.495965246634242 10.05154651380755 -1
11.056711423050388 19.95987787872973 1
11.411724306924384 9.342988894262692 -1
8.45692508964122 12.902806870870434 -1
0.493929625459526 13.069195022250389 1
9.978612685550473 10.497412866145257 -1
19.286194426511024 7.583967839751324 1
8.262008877518047 8.5231374405825 -1
2.8376294278466485 11.987321585126693 1
4.753441791173831 0.8862325340798982 1
4.497104490913573 8.519207220296213 -1
15.94204322408602 6.294659615329941 1
12.873186743550157 14.479768672851543 -1
5.465693891087405 10.345393043259154 -1
16.46032927800833 6.020186622533499 1
7.900002760125117 5.063055865437407 -1
15.216431968977579 4.00312706021843 1
11.833374915736067 13.70891411157668 -1
19.194368015129232 10.894920772903127 1
12.803932026851822 18.074898974023192 1
11.446223027574185 14.415282548591806 -1
16.040244340290126 0.4786374771035673 1
14.456395891280344 12.78929036547324 -1
16.703382172336664 9.530737914513539 1
4.616671034674578 12.205791629900247 -1
6.86203697400622 8.038996141079895 -1
7.184518818045182 16.11861391746849 1
2.5685037399141963 2.93086418118762 1
11.46799977638111 15.380272595668163 -1
4.577804474308675 17.631603814575257 1
15.117131197844804 10.484745642026748 -1
7.10070986412852 17.668590500035 1
6.09334352270259 11.81789461199017 -1
16.746009157832756 9.940429178228845 1
12.949792837038531 7.692895991793549 -1
4.970023283752905 9.39713960448164 -1
16.148336017599657 7.655575793413963 1
15.26106278565029 12.297526830490867 -1
18.706988079393902 1.4467114088299171 1
19.571878441980278 3.1758359134903436 1
10.518051771661906 10.722301484601735 -1
15.46639083850571 18.37559486179105 1
11.685655471219842 11.68131090296214 -1
12.337006682940657 11.904318489845966 -1
1.7347206259330417 15.701989603794528 1
1.1670665260366242 15.930037766448129 1
6.034686166959036 7.19481335090361 -1
11.173425066057733 12.203354458848466 -1
3.1744456705465174 9.017104595840399 1
17.31775231110291 9.170319857714361 1
5.303653445650358 11.532425362899811 -1
18.42000235451878 8.404012427729864 1
7.143591061460739 11.534222919041374 -1
3.4938742837093395 9.467369297106902 1
14.594381727624203 13.830153725974437 -1
9.023417853813127 18.983229218114644 1
8.048791342530945 12.65871028339937 -1
10.39858418196655 8.146657283233004 -1
2.178792227859685 12.719805426287556 1
4.524713858659339 7.216471400006929 1
11.957659980300505 8.251680251166164 -1
10.5760861353936 11.912168475592338 -1
19.42110360610544 10.9699689527645 1
13.88793207789059 4.545354973185443 1
4.624093025933327 10.725245474473065 -1
16.74137731170881 16.962964325035994 1
9.4730846379885 9.706772688854144 -1
12.629920010965625 1.2896108687096808 1
9.175032753232934 13.942072716844724 -1
16.4440496268469 8.014067128399414 1
10.23320721643589 14.960586186855302 -1
1.26147655625638 13.280606036870138 1
6.148698982754349 7.51896648002962 -1
2.113262391593995 19.75162929367237 1
12.728865968862717 14.391043267061574 -1
0.9761688908739563 5.900327008427353 1
7.015170669847066 9.206159380488707 -1
14.329971329507519 10.644234677498565 -1
10.879806110885212 0.33208316972015206 1
15.114681949350686 13.840893406089341 1
10.366915119679486 11.84088325749601 -1
12.038559607089208 7.386000893498856 -1
0.1880233565978684 7.40496366205726 1
2.9651596721719353 14.317919221678599 1
13.175450613733377 14.560046804110499 -1
2.3331423812700502 7.65298118647814 1
12.643761058426158 15.335040263039684 -1
1.455152836954674 14.247040232369523 1
11.77667832262501 14.197955836827719 -1
19.299584027963906 10.830428123492439 1
10.462110443666198 4.470197941426408 -1
8.628167796953438 11.701300157626736 -1
1.8173489658226494 13.021260461575537 1
2.6582653929579125 0.31431482955443624 1
9.003997462943525 13.936270819563406 -1
12.798605865315533 17.88535219348315 1
8.949997135832168 13.399777519414897 -1
6.10194431335866 3.2162461595897796 1
14.031900607259386 7.178822789656694 -1
5.265469471562245 18.08573461270147 1
5.36610994776114 7.364725692201979 -1
12.96208692284296 16.046337850702095 1
10.841303122350821 4.778999731591902 -1
14.73423971300357 17.928782870999413 1
12.868926237910458 7.6331805370213734 -1
