7.400682161275305 14.222833430124112 -1
18.665194616242605 1.068350442788386 1
11.941411900961059 12.253233449692926 -1
4.2466958348822175 3.604681918044712 1
13.061483253377148 11.169366061388875 -1
15.778918017629467 4.105139689474864 1
6.799466198812121 4.7921618547835365 1
6.067649048040598 5.5211124305977215 -1
3.9628466594386302 1.6517067666456997 1
8.24435755300299 13.926830247147537 -1
3.0993706959448764 13.789375782270714 1
6.423855129516185 7.104538118924594 -1
12.237361089191372 1.6237910057812144 1
6.102664160329527 8.093380365184652 -1
9.483816910640794 12.70801164887114 -1
16.800389762616593 16.531815628379082 1
18.967136778471335 9.228597040717457 1
11.154124947354255 4.693540262989302 -1
14.744630840651531 9.402998191825082 -1
15.783581057897676 0.937818601162399 1
0.3125353522812713 12.679581702049312 1
8.935076915014172 14.157334239683381 -1
4.049081504508781 5.587702341176133 1
15.167468405073151 11.471464515257079 -1
19.87971089647664 7.708455230516691 1
9.346854431693792 6.363037936657008 -1
2.531822617170314 17.37301626275593 1
6.275565074731957 14.576894568521155 -1
4.865435572331521 6.374275564389502 1
10.097258309227438 11.645955084276283 -1
1.3976767438209903 8.817750118333942 1
5.881272993591498 9.674875918397483 -1
2.0990950466547487 1.4717437183984772 1
13.385175401309208 11.133804653667386 -1
13.246620695583797 12.311113799737228 -1
17.309585845915453 12.586405969490029 1
7.654052535483276 13.810604860137607 -1
3.5270121787261854 11.054488867116461 1
0.1997193546860343 17.213471282093565 1
10.943016154136526 4.974220052266249 -1
16.911991615538412 14.529904866369929 1
11.574078472485365 5.840683541522289 -1
14.868280130092764 18.281285427095735 1
9.603109277735285 12.979998417148979 -1
15.444966896427985 2.8908239474758113 1
13.810079825010087 11.410548606556683 -1
3.4296484455839438 11.35831943107732 1
12.888447717556708 12.178140501338214 -1
11.424939613039008 3.7310921368269767 1
15.797771131642852 8.99447445627883 -1
9.841317431197847 6.206200209635111 -1
13.07017274121796 0.10329053748109995 1
15.750208629638628 11.879990669567755 1
10.535429460994072 7.379466997988951 -1
2.4962760905558423 11.745838494795661 1
11.455372893488429 6.892442043690917 -1
13.969937549586893 16.222042045632023 1
9.768077892762065 12.497346577468583 -1
6.158936810289246 9.7635214524621 -1
4.263216777115981 1.5123745407949318 1
12.189352008340013 8.515557235801259 -1
12.172082679747817 15.968537934275904 1
2.1468210714630476 17.377447904101682 1
9.349115494008885 5.930474350541934 -1
17.5853507006495 15.325157624088332 1
10.02153977709762 6.328553969018042 -1
19.810379600589428 1.6500795001845514 1
7.315139437335736 11.608077478681253 -1
15.014463652887196 16.123855015774495 1
11.171200588007636 4.749382781031795 -1
9.99270096259985 15.605742531613767 -1
12.968179727551174 1.0784391927162673 1
15.91306561744993 12.5957734601567 1
9.88270799879242 10.774309303053638 -1
3.2681614445284946 17.184123351807635 1
9.208271615769068 8.48250888973033 -1
3.797340186685454 8.601134443947338 1
12.83284004753077 14.971287658407071 -1
10.802114724966877 3.3779945553997393 1
10.826827355493213 6.710552318082367 -1
9.274074165840783 13.473152914253873 -1
15.590903654254449 1.9033227265977892 1
0.6081600421977429 8.430137179797352 1
10.09766117019052 13.822294176626144 -1
17.73794787731928 10.30594702843517 1
13.63909095078062 5.986935382833412 -1
0.8112922923457155 17.110946225668577 1
10.714554531990174 7.7615362455294745 -1
15.182268274686333 19.583101955845144 1
11.357910449120972 5.497110140868906 -1
11.035129317280841 19.505588674839043 1
4.62246956779836 7.572809817918509 -1
8.61159670916064 7.344617612402001 -1
9.001474207947872 17.456110469242134 1
0.880491479178036 8.813927836487778 1
10.171971999654588 10.228250422973561 -1
1.4281004238115425 11.21526589492727 1
4.990524747403056 10.19298412255673 -1
17.546613650989542 0.58033405961887 1
13.20582550588394 5.562550579860364 -1
9.165698779451596 9.045805862888717 -1
19.032663029241036 19.51992528584188 1
3.8536678321015927 5.655130237831649 1
11.692222915881183 11.974817031459835 -1
19.507199343567972 18.601308722221297 1
14.271002172701053 7.789984492968385 -1
17.360299115998565 8.740757950472194 1
12.76466041242264 5.906179721953531 -1
8.301921235687486 1.069141144133019 1
12.204868723256805 10.381155730460668 -1
6.997639034814238 0.6870702128292816 1
4.212419743263753 9.746308296422782 -1
4.74684493011265 8.067806521390363 -1
3.3542508506356494 1.7452850540619358 1
15.551442056785383 17.786730738739106 1
6.183253218921559 7.066343464699041 -1
5.3492772839875276 15.375428399221104 1
11.84772704633259 10.550429910165445 -1
3.688486823074233 1.5184682310155617 1
12.237024475683585 13.459307197333102 -1
9.817952469737303 6.550454644821344 -1
1.1022909681699233 9.319994055241548 1
18.79568367765505 2.277945639046033 1
12.809104241373232 14.94206245676736 -1
1.38263600110905 5.595114536945889 1
7.202102562685955 9.02914430430728 -1
0.11721816106955663 2.037928112629226 1
9.246818470924401 10.505302104400373 -1
18.516711340694883 3.3303150279630267 1
12.681287708330078 9.125763681759222 -1
12.101417826625092 18.220495043524924 1
6.015685940068051 13.800448583350553 -1
4.788267474750496 0.7481028071489715 1
13.600691618417038 9.53617714014239 -1
3.542267009521398 1.7915868632236154 1
6.670035492847735 9.128906722433394 -1
9.594427034869712 0.9927821036882167 1
8.039419023581067 8.132491292940895 -1
15.562523893972779 0.2632549760734282 1
13.58136508740496 10.352680534900953 -1
14.79094886081321 14.233533104152068 1
9.598377793345044 9.766929639336766 -1
9.637079163313055 19.250684851805985 1
7.266575436083014 14.573407409175417 -1
17.538847040188347 3.6599064311386065 1
12.788184831644214 8.428657481531658 -1
7.4426838234084425 9.721002610652238 -1
8.804136386819465 2.110344164508531 1
1.9493440706611964 15.290044238083958 1
8.839558721920726 8.72989862130219 -1
6.364707591512897 3.340086933188473 1
9.849432652079654 7.628214940735871 -1
18.971217023817545 0.3687072900273658 1
10.146190167232893 7.113144032587256 -1
0.46539254863711355 9.346382090693286 1
15.69925799471369 10.642238816403403 -1
0.42682862281705924 9.886840040599372 1
10.691350499084605 9.79847942531836 -1
5.148665299287081 2.91480213974606 1
5.106949301505724 8.26554528446994 -1
0.24699907877810956 15.782931290910561 1
12.83172952662463 9.35583677516626 -1
14.959403373504347 12.458412486074838 -1
0.3876247212615813 3.5814788968369515 1
7.70183146118532 2.02842817491953 1
10.747387212327983 12.571780025373103 -1
11.637173004748412 4.545203537055194 -1
19.71829601182148 13.471689652495304 1
2.1081508656251002 2.3863289542084365 1
14.693415968766093 11.094649550497822 -1
17.582737628433648 12.236300014136535 1
8.536950579750702 10.002457507993668 -1
5.088783861509936 19.20950890854536 1
6.473031559922324 9.794093028275439 -1
3.922558561983036 9.437164482859625 1
9.722774062795542 13.688694747475187 -1
1.041635821752731 8.061634102904963 1
11.600150623376596 10.743152866732494 -1
14.731949402881492 13.301267977812286 -1
6.97521809279799 2.5642070629724345 1
14.997814202232862 13.230779578873669 -1
4.710891392448165 19.441939795150898 1
14.847387651760311 13.200904038290188 -1
3.328656562718666 1.4168614982740402 1
15.765598196119964 18.38356568659258 1
4.631351094873319 10.555685436070036 -1
5.58144060004879 12.661791132645948 -1
16.562327200502082 12.046226605672018 1
13.919871109122091 19.282397564255056 1
12.70030217755053 12.48868872313224 -1
15.440122075520073 7.621597310673058 -1
15.413994793304033 6.563111728679402 1
4.340908100582624 6.081425615051073 1
9.192754147957878 5.02320276848989 -1
0.15831355566303218 8.006838213478884 1
5.326709348279122 10.698852837984433 -1
5.005119018390262 1.7349072714701164 1
7.518527799089297 11.009282167278673 -1
1.8864351072098517 9.571436639429816 1
7.7507818683498675 8.427079172367717 -1
12.631329642052972 1.699536763080065 1
6.259582332377445 11.960760654129995 -1
11.657367537870025 2.182909546780989 1
11.904288290512799 9.345993355908092 -1
15.842500956504503 18.99255202588982 1
10.35931045258814 5.020029582298613 -1
18.977329953749827 13.132825857000885 1
13.5152755654217 11.253362374521895 -1
15.210107713923282 7.995639111493318 -1
3.9957880163377912 7.596234847698331 1
12.360251310776004 0.5838371798443354 1
8.026630113629704 5.769192095085129 -1
3.2698320355321786 19.599806713198856 1
8.746000826577195 10.189589478795156 -1
15.760633219877832 11.99109559764752 1
14.40500088503869 9.856032757838111 -1
18.01196089625688 18.74064371662785 1
4.456782972859004 8.054878135930768 -1
13.409590189981632 6.113828651644777 -1
19.649779682843736 0.16193647961706192 1
7.308455762047597 6.49973563939827 -1
3.0137291064157345 12.536272552042455 1
13.620072056997582 14.41093433135628 -1
18.25702703385706 11.053826593605535 1
19.239898041795996 16.348880063251915 1
11.525764462718978 10.709352352142552 -1
3.669522222641548 7.248265810510921 1
9.038039078339077 8.312673614817568 -1
3.705493511944622 5.768984537506306 1
6.673958570248204 12.822894031885482 -1
9.046824134990029 18.671303916793228 1
13.252168268420148 8.07027570901864 -1
15.108376861729587 2.6175608689990137 1
9.923200341637685 14.254910494095604 -1
3.9156630139595494 13.392870306907898 1
13.915661711828642 7.842032257890912 -1
11.523022653429837 6.27790817703358 -1
2.88107660647533 6.585328306682932 1
3.828888962891961 16.098835726710824 1
13.226696672251839 6.54302331561073 -1
8.470206082983545 11.293600037668838 -1
0.46417476870394436 1.702314558069582 1
10.286685624870204 14.566033982103688 -1
2.34392434262382 5.967234463400528 1
1.0811192494039723 7.501239386287118 1
7.153433723254825 11.832513447931529 -1
16.666816420174328 5.995382173296653 1
7.962525982057227 10.2437812176837 -1
0.0990812796931606 1.158183917772042 1
8.772411972550652 5.703042342138196 -1
4.862696404374647 1.1362821231808007 1
6.108631026309754 9.701398585255255 -1
13.16180428098506 5.476436216455816 -1
10.372441750212861 18.111055824937555 1
8.987768198659754 17.475300764198657 1
10.671213701140518 6.461603055815988 -1
12.412478705780236 0.34712207463564404 1
14.520939554187418 12.455047479643639 -1
4.981442917651375 0.11281900645230047 1
5.47879400327703 8.989789434221043 -1
14.594240524119817 4.112677779864535 1
13.459867403829469 13.645479647445418 -1
13.276559934654863 14.49711703796493 -1
16.516552871611992 16.104274318224473 1
14.77800970029331 12.355186752775431 -1
15.952635425229742 13.128166481698893 1
17.100578610917257 9.51041334733908 1
8.776647748681711 7.896565952259862 -1
14.94343977797582 3.27277993383152 1
8.286138673835858 10.42758973303388 -1
19.06042627065915 13.660146879372235 1
12.018545111297229 13.34411046222427 -1
10.412935121269108 12.755969728360817 -1
9.876791894299878 1.1948373025238546 1
17.121684694893787 0.2280974892948895 1
13.319669879842833 9.472982979493729 -1
0.20268298898713066 3.7611434538383426 1
10.860699366784893 9.364508528480105 -1
13.48675912568941 8.202276727871801 -1
4.442335377309128 3.3534898825837822 1
18.228415489616797 16.336201186117282 1
11.033839083106143 15.441979188951201 -1
0.14326605160236427 14.216822622342262 1
10.352816947564662 6.062431383327171 -1
4.938955999489789 6.263740262167612 1
6.58360306653115 12.469486127781375 -1
10.190463166009803 13.614272689439845 -1
16.57782936932372 8.149123219892358 1
6.890272374272586 18.10336446609512 1
13.580921350299535 6.880490849631007 -1
18.170829924012722 15.65105162256817 1
7.54368281066526 10.71287131178371 -1
8.89335613448404 15.234981503853692 -1
1.6264965355659 3.9918865481388455 1
10.626595905393263 17.375460939636994 1
11.765249767764498 13.806645848062107 -1
19.05618606415754 2.556669168211716 1
14.357750558302719 8.313304464005009 -1
10.417893050425395 17.538977174451546 1
11.409303143394474 14.907989542848664 -1
13.371845643880453 8.519801821295157 -1
18.44267298608106 19.03838775754622 1
6.611603040348064 2.3377449005083895 1
9.202781559823627 12.413774803415347 -1
17.972411577827142 7.383717267363162 1
7.5891487956907255 7.850030075703467 -1
6.971829659741504 17.67020963462779 1
7.4340962865678755 5.277000449313474 -1
7.507976858220724 11.30946883906807 -1
18.78163191878794 15.751791697398676 1
7.7826742276878935 4.028183172413313 1
9.575815233695158 10.220267279412349 -1
1.3173935135994452 8.854262903122754 1
4.992994340946526 12.561980951347731 -1
18.17375342323685 3.3456083323760977 1
12.710345177213947 12.635568301326423 -1
13.432957304236947 1.696000662946593 1
8.576799792302106 13.163091925481273 -1
15.750462799223563 8.085449960315767 1
7.262205484196807 13.064191715919371 -1
19.9446886378338 7.734447729082721 1
7.593942428501206 7.450231765228645 -1
0.36499508393273095 19.03421378177984 1
12.31366219536471 6.661146912536864 -1
0.30646682406075154 1.2238248119765394 1
13.708316933993759 8.72321271724285 -1
13.546973743422793 18.903750446952394 1
14.835534869981865 10.388882694858538 -1
17.44693217976142 16.9284744241949 1
10.77197396660595 5.89754302643602 -1
6.421470272747913 3.4138465063971157 1
13.586105091652964 11.82321554624652 -1
3.6200088599363034 1.0838190294840921 1
12.158239378851917 13.13508408741768 -1
7.537957148841814 17.500728774922706 1
6.435941348744487 8.657286044513047 -1
17.934724419592218 12.02776994968703 1
13.414971506610007 5.864372547029109 -1
9.5440393290033 2.42996278234898 1
7.520766573597428 13.005106493460673 -1
14.847387444083326 12.766268445936625 -1
11.008692109269202 16.93554707689981 1
11.287858720449233 19.53805542994763 1
9.315839860236947 7.092656602585883 -1
6.591734437566212 11.815280034754823 -1
16.877052093714664 14.473806665799085 1
11.115752722547176 11.308913689221463 -1
1.942703082460795 11.44651664961232 1
2.7047292031839043 17.27395372483619 1
9.405383845144781 4.78104968971615 -1
9.097861434488399 1.03669835829731 1
4.316614628037896 8.59385232426257 -1
17.319025504334107 15.632603558488894 1
4.083057399802148 9.874528815056792 -1
17.66010216103313 2.975385353621023 1
13.651935021537927 11.06515620484786 -1
0.44640822803932556 4.495598782326075 1
9.571035737709872 13.265034373069444 -1
12.601444079313072 2.461994675979249 1
10.574259024111573 13.04633623904869 -1
10.228115207733575 11.266651363885018 -1
19.37665211494715 7.524437188516653 1
5.792308000061956 17.833566068611145 1
13.922652830628104 13.709171280879707 -1
6.798164663479865 19.58244549756344 1
12.847633701024264 9.287923151391105 -1
6.943256179158244 0.5092476353232134 1
7.390291738390184 13.471432717626223 -1
14.254955714832745 1.116386182173632 1
7.602484710261754 15.339904402764319 -1
15.45022447411553 4.4456088825037625 1
15.264819988414985 7.674453451256429 -1
16.646689425229496 14.14322897894096 1
13.849549465838722 14.442643274627777 -1
1.0808695374263988 13.813365676984155 1
11.249872764181237 10.494115213047685 -1
16.534662511716572 19.935462439983848 1
11.735355788779387 10.48384154237728 -1
4.034653740150058 7.484783048771959 1
12.81222776138734 9.6137845028154 -1
16.203564921205277 6.504053800224671 1
10.539890903005702 10.441024762158868 -1
12.130025805255695 6.589103331892831 -1
10.961093575535134 19.913147707869417 1
18.62357795491161 2.2813924793549556 1
6.683309847942569 6.438537870649633 -1
14.069098881801253 11.088352760817841 -1
11.591599990525241 3.4859860078113414 1
16.284036651663435 17.384359103096784 1
8.834718546971407 7.0903606857142965 -1
18.754568222540033 8.846858498564792 1
12.870965357334844 9.922735825213207 -1
8.107377320408807 16.643112614581664 1
10.881175395819522 12.780713881317459 -1
17.64490743961546 12.528832869927257 1
5.023830530470863 11.364021329895671 -1
13.968868385905285 4.558912714874863 1
12.207057285371155 6.90280006310922 -1
16.53380841153306 9.619694061137555 1
12.817596861632419 4.97616220018811 -1
12.598609223978778 8.519088634051485 -1
3.8377406150950955 10.556465193549723 1
1.5222087958019181 3.490775340849823 1
4.488906844241969 9.345676510095846 -1
17.760204597211803 10.060454988763706 1
12.107320158014133 12.32595556441314 -1
11.291960145100157 17.84440872975458 1
13.02589460375411 9.736736469270618 -1
5.748551048597202 17.50830877221819 1
7.834112296217722 9.402741386459518 -1
4.335586930764574 10.574528534510163 -1
16.409670351833366 0.3163586657441342 1
19.73398424892691 1.4135432718418728 1
8.5441224317574 5.078975535988935 -1
5.435085122662786 1.7346527749598017 1
11.921115765528167 7.822802598627215 -1
1.6359719919123683 18.192044454448727 1
9.500502072507949 10.883498122920379 -1
3.303903239363155 1.6038144979370839 1
4.832095146609698 8.804237979350232 -1
13.870923247610046 7.358213233713078 -1
13.391242824968867 19.908864021026186 1
19.97763836892592 13.427139427249992 1
7.680912412301513 6.660959369809132 -1
19.668747030337784 10.033909374081297 1
11.810292536595206 9.229862681289273 -1
8.401680486494673 9.933423976326699 -1
19.338409430286177 10.688695545512337 1
12.104877231507468 8.992977751894704 -1
17.778795392009684 6.1053886964075454 1
4.814205850274734 6.525642227211852 1
7.5972261592524575 7.998436875912263 -1
0.09096958412107448 5.923519844954748 1
9.852870723794286 9.475348969268937 -1
17.798599230982536 15.090363626566774 1
8.241641049301613 5.577302084920461 -1
7.488320499511887 19.17537448474628 1
7.114106956666046 8.089089242082457 -1
14.292683421764337 13.386816560998264 -1
2.856174037088295 7.340781777779584 1
12.772103229250398 5.8495670342854105 -1
6.160535765586124 17.483705827347308 1
15.518272009971826 11.536966898991789 -1
17.93124802964581 4.4287475476791505 1
13.888411535862282 2.5024992246446343 1
5.479291157517022 12.133689328096128 -1
0.2862957935485122 10.074782569310779 1
10.872536246840369 10.851238867309473 -1
4.321218428660889 16.233655318694893 1
14.330144292969692 9.017599287644757 -1
3.813046595530847 3.159091681462227 1
9.320787687030307 11.79191848367754 -1
1.6871509741712076 13.445946329081268 1
12.956543746865819 12.736285787196973 -1
8.335088247746437 15.226669168316464 -1
7.738397324121062 0.6563132083511758 1
8.188355080469043 17.591728236501254 1
7.13197378586754 6.3780244844131335 -1
5.055899592010498 18.524065356551937 1
15.0912660173042 10.642021456405129 -1
14.2088331152476 1.2455854447472725 1
14.167832017667036 5.875358671430099 -1
6.763727060439281 12.003680823970083 -1
8.544831072371297 18.807638533262857 1
8.867865956080179 0.02558277530026576 1
8.926010261348223 9.635303070572984 -1
3.7251460305768203 0.8157097430610727 1
7.955137966919176 11.568978441760066 -1
1.7728792164672758 2.3582711922395405 1
10.58011379031084 15.9297095499897 -1
17.0884058501356 11.293005567237802 1
14.808709956289048 13.457288106730834 -1
18.799606243553303 10.222443961616188 1
12.962915427356476 12.353155833262011 -1
14.303045259269304 11.53106719214631 -1
16.500866760015292 5.780921748537602 1
18.544109341312975 12.542240283051598 1
7.759487663738149 15.082724340406541 -1
11.145686505101747 15.909364913240022 1
5.432264090039636 9.728789885128663 -1
8.92279597554126 10.07507834159352 -1
15.451916340960793 4.783912169463058 1
10.828069726701449 15.027474702516958 -1
12.22284499467123 0.81809625829383 1
11.89438886353986 1.4427469835494766 1
8.90104315693775 12.670350178904492 -1
3.987050895804405 12.548192602513355 1
6.396856849129002 11.95095178631319 -1
13.152671648217282 12.747305886909865 -1
17.00090822322086 0.15818186333243833 1
11.486248261962134 2.192146396089003 1
5.545936230169186 8.661269945002115 -1
1.7927083383220088 12.970043469049706 1
11.292629558861309 15.578147492734383 -1
11.221009183550803 19.81967518786678 1
10.459061983127508 4.531110152416968 -1
16.479102807027026 16.915342606490476 1
15.602902591198127 9.656636028726505 -1
11.970062430438396 0.5632881249899091 1
8.109404505131096 6.459981385282651 -1
5.463183588509219 12.013792787551875 -1
19.2191719549529 10.599061692604403 1
12.674517324710452 0.13005670964079785 1
5.202966289143969 8.416562223194823 -1
13.30700519157299 5.937543401384316 -1
6.255008169601459 1.891638624794858 1
19.43624078552754 5.929346166905192 1
5.8528464477760185 6.363296222881729 -1
14.247463908742475 8.02574520295554 -1
17.96646138822313 18.929264344440902 1
10.380415556433347 3.985826444540088 1
10.868013442949527 9.13331633918165 -1
0.7852973626569204 19.004283698761412 1
9.344917370131894 5.121441437133518 -1
14.778184428244565 15.105279889061446 1
9.471474100737712 7.289198273013067 -1
6.440073029523852 18.353749656001867 1
14.019980201518628 9.503156004832064 -1
4.19163615600543 6.649664281256642 1
5.858331722365069 8.105746580265425 -1
2.1703787374919092 13.944037778920142 1
7.911576296900746 7.325034952811331 -1
8.953773612375729 1.6299891577341485 1
9.730851023727084 8.123128975500808 -1
2.563494109521214 0.4212395735225405 1
7.118857489801669 5.285190386379681 -1
16.012372812996247 13.752511098292166 1
9.569889880920668 13.257260791771275 -1
2.0000145974984074 7.314141955527774 1
10.400758018594352 5.390056363742524 -1
5.184207401909333 19.179951215674915 1
15.392354811848781 9.160971272517923 -1
3.167390856884238 19.447353431942577 1
11.826059959997988 15.420445992845357 -1
2.216141567729515 5.397422461847925 1
5.804611098060233 7.042078694869227 -1
9.748429766437734 5.963061059408192 -1
15.46069882790495 0.8155024131437405 1
13.335516360935657 9.398497005602536 -1
3.1347592254702805 13.389064649250933 1
8.840603877975575 4.1482566285777045 -1
16.784370358339864 0.535553845822887 1
15.953802504066887 19.55782218233648 1
12.26456445081151 7.735617891430328 -1
18.955663894209152 16.094659317826988 1
14.858524295646678 6.805906441366368 -1
14.89099290411436 15.652412933116315 1
12.371661033620992 9.724132993314802 -1
9.825905940978679 2.9564502642211643 1
13.587399862989454 5.322327770351918 -1
7.790014239186958 1.2286333967477936 1
13.497667495579005 12.38577941532061 -1
0.43614135237343143 12.95273816045123 1
9.591713152702797 14.275992293790836 -1
19.11513053387844 6.292785198047466 1
5.24948631242534 10.566786997635266 -1
18.204920567639768 14.572758407627632 1
8.80881078872071 8.977821064295206 -1
15.337232097240317 14.282995423447813 1
6.834203271697071 6.202489193037026 -1
3.4462859147944136 8.364154587968128 1
10.465697866954818 11.828318095218455 -1
5.273951535989072 17.146679032650013 1
5.514673034057813 7.799811122466613 -1
11.560105823152787 12.346855733612792 -1
10.711855907108989 1.2718070197315146 1
12.492798540453244 18.98346631640319 1
7.450007157340717 4.681497966939352 -1
16.852676401763414 7.262055405344037 1
12.886053813254678 11.14455799528568 -1
6.636275693114038 6.006464471375372 -1
1.5849497091000253 16.67914114364111 1
4.457354124027542 5.023117626090912 1
10.263095482283555 6.332149288134302 -1
5.9701257798285905 6.712359365425156 -1
16.540248496447052 17.32526285474365 1
19.953505975315405 3.5868173701414907 1
9.568662816207114 12.374720473174195 -1
7.063775519762443 17.772902041812 1
5.298271502065783 12.142522690491578 -1
13.265937994024775 13.469936206492878 -1
3.473832728516506 19.521259088650723 1
16.80024724631999 0.31979341324022803 1
14.30889902824184 11.472743823597717 -1
3.3752028746662743 9.314482676451137 1
12.644837096015538 12.747344151872486 -1
17.745509560568934 16.774189990668507 1
7.168932606496949 8.250525515092091 -1
13.086013833175013 9.74878767251422 -1
1.2388314760650854 11.957420097372577 1
2.2636851594796337 12.727606953109625 1
11.085905512486047 10.768088337837973 -1
18.85000287241295 17.35353291126126 1
11.26823747703339 14.247175898047315 -1
15.549782008742707 11.465224485361272 -1
0.21351168871930115 3.1646932466965727 1
2.1529176722780696 3.996753527018484 1
11.368617766448128 8.640760231722275 -1
3.4235968945772544 16.74496803115137 1
5.584305955035866 11.210124218549817 -1
9.183926584303086 1.1531262619765958 1
13.50060928090497 13.774757328349814 -1
0.3939650430472308 17.658957794199466 1
6.263889371515175 11.579882082602662 -1
5.358026078609313 16.103605507020912 1
5.69332386734041 6.739642168232514 -1
15.83713983387824 6.675663340841568 1
7.729764516395125 6.464033824741104 -1
18.341976970846897 19.044891830508902 1
8.290424267726893 6.279000036155267 -1
14.642411229075474 0.008545964801234263 1
5.4460196084023815 11.377475094491881 -1
4.493652757619269 1.652424707636635 1
11.519883169002203 11.981405597367434 -1
11.621056030653527 3.0581939417718806 1
11.237885726985937 9.968307466895656 -1
12.177733607927003 16.900025986904907 1
12.928282013113677 8.709337484731087 -1
10.93836752247187 18.930021617825194 1
8.105073971271972 10.816119244816672 -1
3.4865080234161328 16.771034115498576 1
10.55494564461678 14.520655065796248 -1
17.514915530015223 1.9541737922789615 1
11.128589183661097 5.199124049263311 -1
10.708048194942819 4.9642432910711864 -1
0.2857418791936972 7.78285784394132 1
5.427688227653129 4.513951702252921 1
8.83488919157248 8.828593158881974 -1
14.535672318323131 18.015138357428256 1
13.404256035622502 6.348239639570474 -1
6.066718264629656 12.582740511180539 -1
0.8043358376068444 13.512049045133764 1
17.77908037010931 11.264736906579582 1
9.206066471702165 6.979925828321216 -1
17.543985580946384 19.16262667298441 1
9.636240551120416 14.739987838570501 -1
7.426205544990521 9.418021396828431 -1
12.692276811957806 19.21928773598668 1
16.669528753596264 12.74921342097029 1
13.63387132797703 12.23293135316084 -1
17.2011395149079 0.8242553440857403 1
9.225695270478788 14.083548862622788 -1
5.703830026188159 13.368950552356463 -1
17.72973064771691 16.881483468471313 1
0.0010252975358926442 13.856966588681416 1
14.17997172894254 10.815432885283542 -1
8.241173971680539 1.4207234890283726 1
5.24831535910105 13.280255143050077 -1
9.42323445899683 3.220988775513709 1
7.987952685400376 7.6149015175719565 -1
17.18300305379541 4.925431530612561 1
11.99636781314371 4.479109179111418 -1
13.53608541634578 10.348426782426747 -1
6.726451599658676 2.532016335359084 1
19.9882607543396 14.828545496844022 1
9.815758015749603 9.539190740565914 -1
12.581086555456034 4.213319250618362 1
11.092134697114622 7.691690654644621 -1
4.247213406211625 18.648891631753276 1
5.976204015794622 12.347865320900704 -1
18.866299344627798 6.4580261107557035 1
8.985097369055303 6.115635324713229 -1
5.3208202621168565 13.959990591370705 1
8.763695224271245 9.432176949311993 -1
14.825047106037946 3.140854571708549 1
10.594349197603641 13.523693599042904 -1
10.885240797988963 0.8128903109968411 1
11.863023803663669 4.916732173810379 -1
10.913576891626395 16.50305650851989 1
10.128158981376775 13.990714818068124 -1
11.538579964249436 8.32944197788674 -1
5.390554213014013 17.03702930868905 1
18.864386359467396 2.825859330759153 1
14.526184734929162 12.956043678662844 -1
12.737862113520407 7.288444862034487 -1
14.168830433871427 17.658240055909875 1
11.250811964435732 10.977696485253702 -1
16.46158780457217 3.645958519476966 1
8.985984917294275 8.224813443683685 -1
19.31332029928525 16.88313767844012 1
19.423703257329763 8.286101241821186 1
6.490005936971803 14.188493303692374 -1
14.40089817275905 18.27932992726045 1
6.700604204989917 12.006830272331099 -1
19.404900537349477 1.2326163898286446 1
10.166566367604698 5.483352872802605 -1
17.1193240328912 0.7952054741634429 1
11.668266276306875 10.8857547080431 -1
6.719094132325392 6.930434049388678 -1
13.627909092270212 19.95446570797832 1
12.836605136619106 2.7584835130330965 1
5.340803687925799 13.624760660814491 -1
3.801576672334417 13.91376522482405 1
12.78679767229195 9.770638216894895 -1
10.74978846063512 8.717629107706845 -1
12.689543285668544 2.4540335622857445 1
9.175666897746318 18.237825938794025 1
8.877720981866721 14.939991398059524 -1
4.125103298996013 17.387741755400427 1
15.734563841190328 10.984319889553461 -1
14.398293966509765 10.992865104677927 -1
18.318957625291098 16.252844068234957 1
8.990107049910776 19.997819796789955 1
11.80612898594428 5.911123653021903 -1
0.8773359010857473 11.953180365061106 1
6.716951108536621 12.67474545457594 -1
2.4015828346036217 1.647494806174954 1
11.46141910136629 5.644234876813934 -1
11.921652819356506 0.7111200900370762 1
10.408427876481408 14.985702024767534 -1
17.26087969966273 19.906728532870307 1
10.568107470605497 13.248829447458379 -1
11.288970499475122 14.582781364695329 -1
0.46659972815246364 18.131762312896385 1
18.53483815788634 5.267256960635485 1
4.865256690916544 7.355065369129794 -1
13.042419433244486 10.623972070196928 -1
4.2360994762280235 3.0368019393434054 1
19.076652048660094 1.1852490490666723 1
9.9890232068359 11.815564662527754 -1
12.199690336760723 4.802152656233851 -1
2.075088262616178 9.310068115926786 1
12.332435614046487 11.195281333637652 -1
14.277381616202273 15.931100261302193 1
7.666024541436858 1.712190611904516 1
9.478857625665357 9.411257368985805 -1
15.9061406029447 14.713338337574802 1
10.436424826962764 9.342670891132837 -1
10.774947077978933 12.918210218155847 -1
1.3304778469476064 1.870516087354892 1
14.807546489821545 4.152439867116957 1
8.929631356956541 7.985675099037486 -1
1.7669264814046537 8.787735583851049 1
12.808830033957337 13.426468910572666 -1
6.350352986152268 5.18477627777389 1
14.763214739372003 10.993696699693965 -1
3.9194277387699206 0.011956114063711443 1
4.874176377104615 9.674015681857584 -1
3.1721120265359004 12.65427525712865 1
11.400572487499577 4.28542266222064 -1
6.500945704347969 3.163947437928969 1
10.407566414121895 5.892025420183522 -1
14.068047148700584 1.3041368805402342 1
12.450297911596376 15.249213152481264 -1
4.069519446793269 9.323174840372904 -1
0.23836868043789927 0.6312925805032821 1
3.1245666978013342 3.9812123057401116 1
14.60653573766054 6.170882745990154 -1
5.159693219984232 18.05329537479621 1
6.559174558875722 10.77604399499534 -1
16.446455386458158 17.804808056013385 1
4.50268937180307 11.586938428531841 -1
12.850585596036233 19.652613949294558 1
14.742905183841374 10.782266502888227 -1
2.2281877905594993 12.99068198669572 1
9.269776103756227 14.884312216662348 -1
15.972147412415183 11.46019257481033 1
7.15703747051789 14.649050310143814 -1
16.97864304548304 5.936911301798691 1
9.447382867942844 11.793181268445874 -1
14.06677739496924 14.307069576569603 -1
2.9886297670277506 3.735256452455211 1
1.022762490251481 7.206127232422501 1
9.230769580799034 15.893040160646146 -1
0.15782834985997196 17.020898499890475 1
8.752307561294375 12.822606190965498 -1
5.5357200772886905 19.898713692210343 1
13.4872671408374 7.619258746751852 -1
14.530899726108792 0.7008743808277362 1
9.855382101505551 9.938668279177776 -1
11.29236757309169 9.180279385118425 -1
7.763219065245808 16.9634666385483 1
14.159417722834016 3.507043451392111 1
5.924995494998779 5.961738752744649 -1
9.431708899706997 1.5504167823313608 1
15.027285544434395 7.944135008296711 -1
9.120807505625951 6.937330113843361 -1
5.886164410602603 17.973525884094688 1
19.105571596730652 11.175249011178579 1
7.625403440072766 14.114458644805204 -1
6.663257234694903 1.3206337103267485 1
10.156529813107486 4.978147237017221 -1
12.74232134952081 7.855682022185768 -1
7.14940344533185 16.02132617544417 1
14.178170349570088 5.49174589173731 1
8.495976505416376 5.32669899062369 -1
15.353124468795292 5.504546748524717 1
8.552330921794196 11.476014051161904 -1
7.141098753574764 4.562035651700855 1
14.165120073537796 10.598923881678878 -1
7.703784808080378 3.5291207701650684 1
10.943118846528604 5.00095840480938 -1
5.826597905014026 13.2592303762342 -1
14.81396271009389 15.25719366502459 1
7.827493896506057 2.5113903516582137 1
13.067010224729504 13.110341423029102 -1
15.121124586717976 16.03512507666182 1
10.584199809325746 8.041929244005948 -1
9.896938873904679 4.9985482982573615 -1
15.975327662522758 19.2070640750698 1
19.379692044041988 13.260223512670423 1
5.601148973380523 11.641295859262533 -1
2.306727595348217 8.759022486433565 1
4.451349400600759 9.12121147841618 -1
4.278217409543677 17.768192273158956 1
13.846243855099853 11.81386929825985 -1
15.090744190994975 7.437125837078882 -1
15.249499977363989 5.674257752862122 1
10.912424403415507 6.267466492287346 -1
2.55463365201835 14.953761288870943 1
18.881127740696023 19.169864807764164 1
9.466958351107646 7.074553364398007 -1
1.238739724451885 5.420115530638922 1
4.185596503468396 11.440372587746566 -1
17.012695680013927 11.70640170774345 1
11.57702998031687 11.562078865627887 -1
0.39556065730446344 2.6055152838814233 1
14.434093475968364 9.07098680289996 -1
13.646327358913595 7.284283923951342 -1
14.249295303176497 3.0122253110083164 1
19.428188900715845 14.654821498350579 1
13.78963178448485 10.523554337784722 -1
8.281092031949616 19.270598987551793 1
5.8512175114315745 6.742459885465204 -1
10.8953659331329 12.32276416351878 -1
0.5217443887914808 2.130683295003042 1
13.57108756079784 12.436370308628488 -1
13.940113842932348 2.2963800507747134 1
16.695786298171306 14.555948603170954 1
7.998205288433855 6.669049471032988 -1
13.415534878739797 11.094277994681967 -1
3.630302288112346 5.154511085044053 1
19.387991518427043 16.475109739520367 1
9.87042202223443 11.917583432263283 -1
2.093747485441506 17.208641858840068 1
8.010909087035778 5.132035872921474 -1
15.987387458198516 1.4859699886189648 1
14.56158614004314 6.508259059448893 -1
0.5917794874787918 0.07249350018918799 1
8.560154196391379 10.471021093468323 -1
1.7527533282139052 14.223458610352182 1
9.91655190742318 14.746034486733903 -1
5.2357766651370135 17.59843268717511 1
9.957725876961593 6.6262564326672635 -1
5.081729998408417 2.5949916373908644 1
10.926528219543837 14.28564449892719 -1
9.192793449083291 15.151437743687579 -1
19.453830598412978 12.915289951820752 1
19.21223313119793 8.25212469688499 1
13.177544873038007 11.271606956724538 -1
4.480044329516586 13.95695290592813 1
6.388313118412587 12.871851796706332 -1
7.559632264284648 6.658626667194206 -1
8.600270649295712 18.78341767477182 1
5.663236414982807 16.271852883736187 1
14.190814656151547 12.462971611729742 -1
14.045692846991805 12.576172675004457 -1
8.136321231899759 18.73976593790569 1
7.855379190731897 6.028942706366431 -1
12.235173765995825 0.5496998557199895 1
5.5366897948170894 9.760228850013048 -1
9.210029533769852 2.308686201079948 1
19.560886073626296 15.751453566487779 1
5.8483440555770505 10.606220062502064 -1
16.249671764988676 7.574443283452803 1
4.41435858482633 11.631032045399646 -1
0.23397457064578076 3.79171635461222 1
14.175505943286675 11.189289302021434 -1
13.08619738225766 16.85072880289056 1
9.897012400829503 9.322982046540423 -1
10.7373528720215 17.815727984422303 1
6.71987822205756 9.159782852812706 -1
15.145423747303624 12.334741156449702 -1
13.667296302133568 19.555890920264194 1
7.3218274593315 1.818024753390013 1
6.980523379827337 6.16030345738187 -1
13.328653573241148 17.766440449265602 1
9.572988910706437 8.929095550048096 -1
6.421117936136338 4.763061942575108 1
8.474142783291192 7.6686823729188935 -1
16.458239466846226 13.843553558080067 1
14.888368180328298 11.29119933061993 -1
3.905252020763299 16.22655148366452 1
11.180377862781386 12.820840041746631 -1
9.691626405472821 7.955709048327031 -1
17.63103553810012 10.530579851126916 1
0.887808923394362 17.1185543698142 1
12.349517304818157 5.437464291288359 -1
14.094042664834642 12.475330188102667 -1
14.573728855575814 3.1555163694561283 1
2.318210660490714 9.571075178317729 1
6.630393093835769 6.739255304882987 -1
17.85728616763337 10.609128529012581 1
13.265506309502118 6.031809089196393 -1
5.219645514699072 15.809662845407324 1
7.512506632911817 8.486203341838312 -1
13.440977622656805 8.688460565735097 -1
4.025447478245829 11.186552712103579 1
12.363562423853116 7.145495778756688 -1
3.6824118354706448 10.428281267638642 1
19.390195791743288 6.457895554165605 1
9.211975608919643 14.125044259940038 -1
13.583600342120373 18.225936913347926 1
9.80831835327415 9.343073208491052 -1
2.3409992413613767 9.29569589332463 1
13.29890588259094 7.839455763134955 -1
12.540453091829937 4.678194615342082 -1
19.85979436248011 4.747205954424434 1
1.9881501378248823 6.821054650752054 1
5.686099420082462 6.429106182429196 -1
9.699299534056125 18.947269301638737 1
5.840908850984179 12.723865584020999 -1
4.054287301260695 9.0635909367849 1
5.408417043608413 13.118304183239772 -1
10.682682095196478 14.095076427201874 -1
16.99493203956351 19.93297661461234 1
7.392436230072315 9.43410631965634 -1
1.1370546438797535 3.9968083206898775 1
16.993552204043134 15.995056813512377 1
11.663750156230028 10.283991519765603 -1
19.219573551379902 17.55442367307505 1
11.390177830416889 8.94623053471368 -1
14.391668089360884 16.97736870252082 1
14.8394678568067 7.574822284324291 -1
14.595200670619217 7.399637481247094 -1
18.68874819197337 14.303160123156808 1
18.68451447822501 10.66963424161801 1
7.967605571079961 11.990779145320683 -1
13.404285078332768 1.0506782726316155 1
6.979469972158396 8.271633094907664 -1
9.13414284636083 4.670916828393484 -1
3.294796799102153 14.060661387276204 1
11.09538504132804 14.65576285987186 -1
1.135993842294074 16.594236821415013 1
14.492393227678313 18.178934279420073 1
10.081850134484576 14.092430328813732 -1
0.9943096935221485 12.709188315918873 1
13.923035243278754 6.202180430820183 -1
19.003413447252385 12.608718324276477 1
8.664697006829844 7.665240308875814 -1
8.569015929398663 12.702847674784755 -1
6.991732023684943 18.640751807242072 1
14.82852086222506 1.4387898103217922 1
10.49647056810765 14.03931689943104 -1
1.8409099699214226 15.663449620405407 1
12.782960336504154 12.134077335602012 -1
4.8297728130593836 12.388314758411564 -1
16.174804209053065 10.22724513203276 1
9.362247358631166 17.42802699600762 1
10.309684182131269 8.250995581792257 -1
9.380945324529876 17.981074478655028 1
5.417582857753709 10.991504509283434 -1
3.651269567033082 15.92127201375054 1
9.857488265278395 11.986532073353812 -1
14.668359951530345 9.023552350024415 -1
4.504162054267207 16.68990119731493 1
4.682099416423549 3.3133948934027613 1
5.23760099552514 8.455816365091895 -1
2.0605670198397297 18.463959265190553 1
6.0344447137583686 10.898941989439855 -1
3.2542917646715686 2.2925362074144107 1
7.857194974712492 6.4418138209014275 -1
19.386325354109168 19.963697748509333 1
13.895734065341195 6.744452646451933 -1
19.660208783173807 2.848792312077486 1
14.658078543661492 8.4166170581108 -1
7.533323049525713 13.288901638355705 -1
2.196684357499048 8.569116601953668 1
1.9802443804929704 17.72826370567023 1
14.590158600705767 6.347855508802325 -1
3.439764483090717 1.012238385872688 1
7.569680843021005 8.607059959763939 -1
16.097463552493323 5.95003895710674 1
6.777885465488886 6.2166623037617885 -1
0.43477177905097086 7.246677358405362 1
10.193995424073277 8.492206909616984 -1
6.897133724335902 4.921341193006805 -1
8.904252142967286 17.307933943619695 1
3.336554413843209 9.810234819178575 1
7.915385305444829 9.699624093205728 -1
5.042724252718451 19.32244103534781 1
12.750613497025956 14.304782440303024 -1
3.9924804840298034 13.338712094812495 1
7.36106787558394 14.237466064407105 -1
10.422075401539587 18.268096530498077 1
8.905475320564701 14.831723798881136 -1
7.821420766200631 14.831430769754967 -1
19.338871273947127 7.295983054119251 1
15.603407067017818 9.145436042919417 -1
7.0942120674269855 2.953184734116836 1
12.433511373846839 7.6586337721619575 -1
0.9279049461391531 8.096720257061328 1
4.919924774398982 2.041047032705323 1
12.099245177325573 4.4828736388137225 -1
9.852496678975326 12.541418096573851 -1
13.844040343515893 17.33294819628206 1
10.710393694744166 9.423580064169276 -1
19.42786428102259 14.730572126598222 1
9.80575898211554 16.65900769821628 1
5.532098108197636 6.314043887183509 -1
2.6594674843866084 8.70651250078765 1
9.263217309452594 6.987577179702951 -1
18.6037638253273 11.777539124614796 1
14.747607778224936 11.562300390819013 -1
6.113419215608655 10.609940946457417 -1
0.05718443579974197 1.9806275748991586 1
2.765633511290122 4.926480589703508 1
4.647105766803978 8.820179321767549 -1
4.581849232871877 1.739875254294223 1
10.003689709481874 15.006068236202895 -1
6.6835843342185886 14.665741405540668 -1
16.26075918146488 19.81068977949656 1
0.852035118741552 10.405419493848445 1
11.439723191305333 13.420867121777633 -1
3.616460013959246 1.9216976810984976 1
6.215045122830228 12.949153710204993 -1
13.508268520291466 3.699977702838022 1
9.120905462725652 13.78217282754253 -1
10.028763152154049 2.475205568848935 1
5.545860288687525 7.298893673209806 -1
2.072334512885954 18.748103536930703 1
13.159090467017247 13.331653216376704 -1
13.896986385074076 2.9981935348210764 1
5.201363179923398 9.522788646934321 -1
6.506128373443296 11.919216029662095 -1
1.77663352069237 1.6115946016615723 1
5.904041905862618 11.736214153979985 -1
9.16675679042793 3.5555651026416357 1
13.969395625015327 5.8779735402114275 -1
19.582998340098815 15.890759668322655 1
8.619080636923208 19.72008506860722 1
14.252429790355816 9.649142945812878 -1
9.168903841317368 16.748135275449112 1
13.160321139117153 5.446148421447601 -1
0.7918899804675483 7.583894476002118 1
12.181455268148087 7.534840868122243 -1
8.873437577957207 4.20793361217566 -1
2.498942834477791 2.7355176602731746 1
6.287495520302205 19.356604735380724 1
14.94812266785161 8.446356370016737 -1
2.8419563709043816 14.612961639139247 1
7.977588826022992 6.173001731748178 -1
1.113219794905016 10.647407177598552 1
6.4099955238747945 6.623942634814092 -1
12.316907938235834 7.709189217146841 -1
4.7540545819136115 13.86752946687012 1
18.104898477756052 1.7086224334277844 1
8.269040056575758 12.956477564017392 -1
13.55378585577456 12.520785314468794 -1
7.1225606834878885 15.448249734920743 1
13.461521620232425 13.751520469194482 -1
16.396733287542354 17.899619487907998 1
15.722819288867369 9.101296309084928 -1
12.971574293542357 19.46465156755694 1
0.9576233734665252 11.402233666155428 1
10.538381625421707 12.043887835633598 -1
16.40624906771073 11.74802691938451 1
11.673233379952897 7.068218881145521 -1
10.721311519185408 13.120275321614837 -1
16.79256768365971 4.755484119862221 1
11.60861745522384 16.892481259933103 1
15.64690084396738 11.769973626442633 -1
17.55498823459567 17.809252092161568 1
11.333194495224337 13.08597551875675 -1
14.02243954006623 9.836424903544565 -1
2.054378391996474 16.998628557990497 1
3.3350757249925533 2.5736968492633427 1
10.796163198394261 9.483542430783737 -1
8.229060083041311 2.749969550674738 1
6.07565052204591 13.48752143596374 -1
17.34402687929585 8.796830679208973 1
8.3282622765795 5.263382973288735 -1
3.488341753846731 15.147191010457304 1
11.42223919889882 10.190019682333933 -1
6.778294007839087 16.47334914689512 1
6.921397352938941 6.086502857337441 -1
11.665241944263558 13.656824442048075 -1
3.2207206781424635 14.120653367835754 1
13.99481419782073 18.007924437201368 1
11.088879633484169 13.395151392086198 -1
6.10925001257775 12.588501452480283 -1
0.5248908791601914 3.2778925803390857 1
2.219745171112968 4.373725067674991 1
7.21285718912881 9.087823970238059 -1
15.80227327124402 11.47348685443863 -1
9.34381505044993 2.6949187561466093 1
12.556480138253182 15.83583101986084 1
8.151455352207204 15.299680265712913 -1
6.619509392724694 4.979264250942692 1
10.9704424178741 10.865420083428774 -1
11.005596345021063 2.079972933307568 1
8.50467045954435 15.304304122782264 -1
17.999059221847848 13.450936186971454 1
12.001732718755774 9.584291187122552 -1
14.417571860458626 0.7576810448917648 1
6.221598532334374 11.190494244299492 -1
10.220593563520621 18.47725613758742 1
11.024851687162062 15.785198391020092 -1
6.6867215056187685 2.0343416808479353 1
7.7728494077624966 7.663040873479323 -1
10.084331996244142 10.754663940638869 -1
3.4050423142720754 12.420114918557672 1
7.1671603568051445 13.479427199371871 -1
4.144570006934634 19.03814992270438 1
16.440778758877936 11.209971778508274 1
11.94306221010293 13.612417259820177 -1
7.780063566060065 19.383891713968225 1
10.19162240328426 6.237861909777751 -1
3.619255597205384 10.625798845323208 1
11.434304687839866 10.593773367308483 -1
2.3762003699707557 9.715054356508364 1
9.251753342341363 11.300698417567832 -1
18.680941453736224 13.149590159954041 1
6.498374606383049 11.24331283392557 -1
6.622406827317933 16.495914728735876 1
13.719899415440791 10.673511474838582 -1
12.331268162328147 11.429721814157778 -1
13.516514381438412 19.792217777250208 1
7.781109091944094 9.883608841963266 -1
13.774982877873704 16.009661727193233 1
16.533374093160774 0.18733690777806844 1
8.898592866305046 15.007021004339848 -1
12.497350296995641 17.369508610197787 1
11.418860583949204 8.40370417761248 -1
3.9170960901534846 10.700423985230538 1
14.335039816728312 12.171882772083919 -1
13.350819321954404 14.429101838470338 -1
10.347215034516076 16.87249300398753 1
10.520324310855834 10.642060970460157 -1
13.288502456754712 0.16479314665003741 1
2.0673371708703026 2.642737564161195 1
13.292114593340326 5.3253057301853834 -1
6.505604309552206 8.4113908764627 -1
8.291510321758262 17.578375403901926 1
6.7769458280588735 5.1771393181959695 -1
14.91306871974621 2.480516228620211 1
7.582023366298117 9.312659006523445 -1
0.8499755544247978 9.165677222273851 1
10.634977738839241 0.41714168375147853 1
6.893716130698264 9.412723020601735 -1
10.532338621159404 15.667445402365379 -1
2.330526183212376 0.4187114942301906 1
19.843212011379713 15.092907052483984 1
9.070624017769449 9.049814344288551 -1
5.62296456103611 10.37209079078698 -1
18.845659613758347 9.868650899322711 1
0.3613949630884883 11.327322972199916 1
7.796291846459644 9.535362379477403 -1
1.1909238208919937 11.029952399713936 1
11.002352989857702 5.653215424663682 -1
18.60781395030685 7.465088917422569 1
14.06980853979511 7.839837429212881 -1
7.06130118020001 3.3001055654306866 1
10.792272149520368 4.440272346700828 -1
13.271888520042905 15.695256395134704 1
7.783547692527755 10.024206597570286 -1
19.140123458889477 11.327019939207608 1
10.468336099174264 5.017660269699378 -1
8.116999042035761 18.706130706187416 1
6.885495070309052 9.734788717409488 -1
9.651435271780644 18.64157327597776 1
13.635481452021772 7.083498287478962 -1
15.34477948489388 3.1961513058157265 1
10.256135989431534 12.69716024603624 -1
6.037895766471806 16.84344272554364 1
14.030114538973955 12.442006971462845 -1
0.15289729751189585 16.112103861089516 1
12.04818982079191 15.269643040953989 -1
4.404401379026752 12.976854836771398 1
8.727300114646985 12.240013585889526 -1
4.225291693197281 1.0754789973264023 1
12.358597905706535 8.073820659331428 -1
6.653201835883317 19.066263629970464 1
10.60700452626758 6.043060526640454 -1
1.8429166493565141 15.967916152598978 1
14.897997121483932 9.697887191424662 -1
1.3691478993541484 10.627615868439444 1
15.679385638478749 10.34068622303536 -1
14.96398980162051 8.709748747273006 -1
18.953972055455253 17.666088471995632 1
14.553438824723916 9.348664008193953 -1
10.438627119752761 18.19560843425364 1
12.937092944718698 7.863324743797458 -1
9.763576850577218 3.9890588169732055 1
3.248675558617926 19.820037170056416 1
11.81421596556612 12.302996240656974 -1
6.702359949841725 9.667158251893166 -1
4.2539242105573845 13.89107159230251 1
4.179409593713126 10.801645419306297 -1
15.489666536539024 4.300613771071184 1
0.19922648945007948 17.383410650826427 1
15.402319947977862 10.717415608520014 -1
6.255316893685789 1.4016267495133028 1
6.728780357398083 13.56750960623935 -1
3.263083703095031 14.480106206541944 1
9.66772501821433 14.499091842885933 -1
6.912455349120126 1.1303193944957468 1
6.064516816388982 10.617099096358816 -1
9.143128765051255 8.052853867375166 -1
17.10186914145152 13.31568655257108 1
15.670226570479059 11.69492362709796 -1
16.729412659201603 5.126981729414868 1
10.941660799721673 8.518666744987387 -1
19.615053555617685 6.340526203815104 1
12.8416909018427 7.352103312410443 -1
4.375974109851293 5.965767666910454 1
17.316322639154556 4.15166976374673 1
7.493502104693343 10.068440660664834 -1
13.206684150460982 8.480273850307956 -1
13.11727843431018 0.9856550053793467 1
9.114585119648993 2.731123176292267 1
7.771030452883734 10.880016688271255 -1
15.73755087255283 3.2393223721145126 1
8.056957831281316 8.363550089815153 -1
18.523824503148948 1.6423928085434336 1
12.130456657901023 6.251643315642332 -1
3.0847233084951253 19.20670204947693 1
8.015105180398951 6.0911376745426775 -1
7.259662072176074 4.372746848417246 1
12.119351054018267 7.415781260811376 -1
15.158450640323032 12.098128871935865 -1
18.688181748968752 4.073123338657756 1
15.477414662146183 3.599309782615574 1
10.612195444127941 8.936586333946108 -1
5.904148394241271 10.689521327741911 -1
9.751773885810417 18.79506088568519 1
13.709169035003326 10.795627258078975 -1
15.433522182872132 0.7513802656829061 1
0.14765052643195498 2.857035233521663 1
4.630368035534436 12.558390319919205 -1
13.111608983756952 19.870305805173896 1
10.311383940333464 6.628680481752863 -1
11.287346316491822 14.331972606647351 -1
17.03883762512174 11.511750152940506 1
5.52754245727068 5.916327511202981 1
7.795801415487949 13.902245154026796 -1
8.348867558962688 0.789010267309671 1
11.371815925519304 15.003166924127422 -1
12.927221188927557 9.544001526333263 -1
18.403737417278464 11.961250658283442 1
11.804675625532962 4.826843425043217 -1
10.515959608915766 18.35440553766528 1
19.094161305431893 17.74540457550656 1
12.404441792054353 5.322524794148951 -1
5.363458666051186 11.237177039596023 -1
17.388129172950876 10.511396732059428 1
15.192986899280251 0.3016189131992819 1
12.111568439137974 9.85659588035601 -1
2.1327474043647188 18.632266902811192 1
7.0277009112182025 9.49424374305077 -1
3.9924655306083556 17.572930197882968 1
8.928192117227098 15.507391550721287 -1
16.046713406560833 0.13957414462650863 1
7.515845287267626 8.474978501330448 -1
3.048982285627382 17.59857043489661 1
13.209129107443434 13.808573307072026 -1
9.174857949997186 5.362111595179266 -1
1.91800016549323 2.1360429312548557 1
13.08501514675555 15.915017621716903 1
8.090102011400083 7.581622617218528 -1
7.393823877922645 12.768177380501236 -1
1.4745270531092824 3.6878126876187833 1
11.16865893825474 6.5786004447098145 -1
17.345787546876664 11.549013782761241 1
8.704078592507496 9.293789838686628 -1
4.069821451328812 19.681165587078205 1
18.991202779061318 5.643762959461432 1
10.328484601067968 15.118584291647732 -1
6.972686207750758 7.944424452903531 -1
2.8971946924511927 7.63157655455095 1
5.3444422543261805 18.386296130524727 1
14.386617086489599 6.871700772726033 -1
5.444310405858451 16.47855547789582 1
8.279861865119859 9.391834946766904 -1
6.79317582412269 16.28496077716496 1
10.046273874500331 13.51445498583975 -1
4.366650000244345 12.684841653044444 1
8.295419884556983 5.785004286578957 -1
18.832664476461275 12.215969255575693 1
13.840902648907507 7.0772406560405425 -1
10.467409529802376 10.788993036167994 -1
11.833205913643772 1.8565795739031232 1
15.920606488478203 14.980694271299193 1
9.601564879721307 15.870289837441192 -1
14.283971865837943 2.097240820978963 1
10.155005453964636 10.118503339265983 -1
6.196158331640209 3.9759776387754253 1
11.710107994359358 8.768825430094932 -1
19.287567854472154 11.342617826252997 1
9.043127110003326 8.868431855955494 -1
8.473774747033334 1.731686368038452 1
15.772981702377935 11.487126938829402 -1
15.965922950223959 3.368667376471024 1
12.14554114970112 12.115358534718991 -1
13.978331136585743 8.123577060756482 -1
18.546384167503085 15.05565017766495 1
6.272593680494005 16.114002333165967 1
11.084459114681371 9.950540892292901 -1
15.793642726529507 11.451914198318583 -1
15.172935274079379 18.832042375810406 1
9.747312925505923 3.6765398558934415 1
12.75949991365967 7.8162002834263085 -1
6.885860285640395 12.473053155553666 -1
1.749401926434755 9.947434333905987 1
7.41438332950133 15.738634797795406 1
9.869906847468005 15.363099025845594 -1
1.6150366432016305 6.292174378997966 1
13.300934995998691 7.406460932600956 -1
10.762242763438739 1.5319589671399125 1
12.531103226017613 15.407446030363229 -1
12.702952963358957 12.882207711757172 -1
17.45006074623657 1.6471612808579894 1
15.086226326256405 16.51394250392904 1
14.347487439672818 8.11434007124052 -1
1.9410252192558008 4.569253847385484 1
10.289677967385737 8.16125105266022 -1
9.704754264758877 19.804996781362966 1
8.63399890514043 14.761095128909469 -1
14.325804850967796 16.11007111008718 1
10.947177419280594 10.372851812046688 -1
18.97644802218746 9.769845097202165 1
5.984569635794883 8.316840014733662 -1
12.07045225461721 18.98219024388475 1
7.487542891856478 8.46366179885475 -1
12.93991486244915 15.691961156459918 1
13.981678921782382 8.970455298529494 -1
12.269008556607934 5.051173155319438 -1
1.1760638405224944 4.179004141257954 1
6.588410389302877 11.305497698969575 -1
17.904459102002324 8.337888452907567 1
14.296079545910231 2.319939353358915 1
8.009141619901008 5.279769278991484 -1
10.780615037246907 14.750144672275049 -1
15.017154163953862 4.418296478413552 1
16.519687561050794 18.39220729910454 1
5.961514696524701 7.557457299380708 -1
19.24914252320606 14.548295590742873 1
9.297407485572535 13.633528968018675 -1
8.472471270782373 14.02930257621875 -1
0.7954772182681347 1.4849225171430014 1
15.95366070648782 5.644384751930998 1
13.109140101104213 9.418538175402585 -1
0.39844828013964717 13.290755651866228 1
6.795198128171522 10.23982087182672 -1
0.8803607221160981 8.77178281812987 1
12.255549144235655 13.42181961477619 -1
12.479054308114453 1.841971917909766 1
5.681695080304266 6.6685854174288455 -1
2.863181040891407 6.337598365361712 1
12.981159706886663 5.232507764588076 -1
6.5009021326770995 11.524129066342452 -1
7.12636046408101 15.726345548961365 1
15.824620518761265 12.05589261319654 1
14.185854510847793 7.710404197225953 -1
3.3572843662861285 0.8651586519716514 1
8.819241414902848 15.749816007995372 -1
8.771343692963987 0.4542173242287806 1
9.979214814101404 7.090026448594822 -1
9.327111368123557 11.475194148361638 -1
3.1955919702754954 17.18561487244126 1
18.005325321687387 7.721119399393636 1
11.524330202742348 14.487608652615835 -1
3.4053672481791053 9.536321309996918 1
8.836945754277108 11.234666995748697 -1
13.83543799098961 17.177482328635186 1
7.504889629992579 7.888003754600314 -1
18.29130177722679 0.7325125783372721 1
10.53248411175543 15.05278382683601 -1
7.534901020319302 10.58770770069459 -1
19.529542022106163 4.377180262637095 1
19.560211365563205 6.959251261717931 1
10.090463017964478 5.774816133590446 -1
0.16969938970155862 7.3177887468288265 1
13.340135005597523 7.764799139045397 -1
2.384227759418127 4.874015340485903 1
11.723559313526678 6.9222057172514795 -1
5.112194606778468 19.69019613401524 1
6.862063030739973 7.605521013272394 -1
13.69079510132256 18.48845285014103 1
6.5796406923803215 14.503135351422225 -1
1.7338008837938346 19.15237212181903 1
15.164209991754394 8.786767166274421 -1
4.736126186763137 17.255689814777256 1
9.625360114335287 15.461444208105117 -1
14.938162613037427 13.255961509226143 -1
19.727551161590977 16.27544507773395 1
11.204630087521114 19.736800792732033 1
10.176469182143862 4.626192181532556 -1
12.63699190329296 13.445260605317573 -1
4.3674665597367675 16.9401390599872 1
7.746524167340121 16.501182969815524 1
6.000159329657615 7.04251391704836 -1
6.187974627056585 9.270579627572253 -1
14.659065429814476 1.988262880772449 1
6.3500699061359995 18.040231822914304 1
6.423662935921057 8.563049591933044 -1
12.824491485498886 18.07774337996638 1
9.440068211592497 14.283660500652886 -1
10.931640262676911 14.623693301561856 -1
14.838942253598848 16.45551953825579 1
0.792052764151352 12.158030207900332 1
6.50763614370605 6.287557936208552 -1
17.377864597179265 1.9435251015957444 1
11.411487765183788 8.775778039348673 -1
8.433167024807968 2.002946135428081 1
13.031947822476264 10.988779272169673 -1
9.359702636495859 11.878592031663997 -1
16.173690142438335 14.076816144151543 1
10.654413523069401 8.503990219914302 -1
18.081996679161268 18.182297417610258 1
15.635795511438799 10.340567838947683 -1
17.036903716635884 6.256720754604805 1
0.2910650085119526 7.721907750021948 1
12.665665750356789 4.994187328672628 -1
5.149376397920173 7.2101089294701755 -1
17.035255213954535 3.791321583599492 1
11.779069146870793 6.163339605695639 -1
3.822532293172758 8.80716000649535 1
16.337610446198344 16.43849276987157 1
9.263725029755939 6.432827171949576 -1
19.639792904052285 18.499563177808728 1
7.535089288891621 14.919902133616663 -1
10.304437365377712 12.619878733248942 -1
16.429550720642894 3.979832231914422 1
14.453279914448949 13.828123762264248 -1
0.9090579437010327 11.023380847451996 1
16.81772924786585 5.983851539053495 1
9.338003286346186 5.427658446471353 -1
0.9421030912840811 14.76738368115977 1
13.716312423090756 12.248553711881051 -1
1.7459170593223239 18.59438755483932 1
13.808365139171189 6.286169923721559 -1
3.5513765692439914 3.8105190957073254 1
9.104816242683642 11.824125010448828 -1
3.9087706547886847 9.323235337813093 1
12.026178452908084 10.987625378682056 -1
15.002668149551496 11.392642067452169 -1
6.011265985712564 2.9281921315341553 1
12.113483392868394 14.432211886088634 -1
13.147185455838864 4.562702124835962 1
13.801077880534827 10.628987688359619 -1
2.9202118559532675 5.034652249418419 1
10.89956459047507 3.817451213688625 1
12.354412690813184 5.7139820274776065 -1
15.45887050122994 2.9928204142287895 1
8.45507292146781 5.086453512823295 -1
4.134091790490439 7.611764049175749 1
15.61141325900224 8.12174310246066 -1
1.811437260814659 4.202046195236068 1
11.929478358979724 5.604923402860709 -1
4.728511899051067 13.04650447649012 1
10.840372319295922 15.334124980964507 -1
3.492485264187992 15.40561392671407 1
11.105568115354288 12.245832492066295 -1
10.267153026299606 1.9868697246297606 1
5.4352631098702915 11.494229266006064 -1
0.3438012992791384 10.39790822726054 1
8.626389199807235 6.962713406541628 -1
11.294850327210126 12.38910179292581 -1
4.184232064415713 7.943424261187213 1
0.29348787356500594 2.975295600236403 1
9.564538429630783 5.118583179917254 -1
4.7050494099598055 15.479641878585342 1
9.838660597303546 8.969005413321785 -1
7.445128683224819 14.97634795152238 -1
3.5293120754300134 18.58200131114566 1
14.949901218331284 7.055085532891468 -1
19.37167511521459 8.290485018343357 1
0.4178969287170875 1.5868816369283345 1
8.097618245492711 4.384425626969859 -1
16.155199501774526 13.011397547098236 1
6.311212066504643 12.398692014910278 -1
1.2862743009004651 1.7431527998054164 1
10.084522616697683 10.505653568934852 -1
14.198813963210434 14.067353662331694 -1
2.008516407104246 14.375186219134402 1
11.357734568885064 12.797991324470772 -1
9.05492033133296 16.631622234435987 1
5.856494279741349 12.722838056239219 -1
13.456991421268253 4.865227831971827 1
10.096095018644938 13.63047502887829 -1
16.35002155641463 12.650926347811385 1
18.191331837467928 19.86062386549187 1
5.901994369983969 13.794372701805022 -1
13.496186343980352 4.594506681652679 1
13.085963814777998 10.199867436007002 -1
8.596570499478753 10.72113951864411 -1
17.62576984631553 5.8978378100102695 1
17.131812839130582 14.028034603959778 1
12.030447706669099 9.289640081121846 -1
16.116580840269226 18.230639443410773 1
15.216781999938235 10.067792425480608 -1
7.036331044617845 12.027523273126956 -1
6.639128196345052 1.7700158963333679 1
3.2163212508077144 8.969307661215087 1
12.093832644949865 5.871644887621759 -1
18.642411984963122 2.4492089592144106 1
13.955353801962433 5.784060127292234 -1
10.49009167105799 7.796857671223942 -1
11.361645382424342 18.890127498120176 1
13.161426025600981 6.334906295827276 -1
0.8127490728389541 19.402803180067924 1
18.11304873912021 5.408915831686798 1
6.942442274863884 6.151830356250388 -1
17.623402327922644 10.140857246364652 1
14.634780433185771 8.006863299634778 -1
16.67261144220457 13.711532456803841 1
12.060057814278258 9.349007078810708 -1
3.9767246054079086 11.949222966466774 1
15.373912031793694 9.308808506567011 -1
2.5193266853086005 9.13165223740325 1
8.404575973890573 12.099350249417144 -1
8.836200022717133 14.080406069631389 -1
13.188187850467447 4.51144647663861 1
5.073911402604869 7.000542048502771 -1
0.9980815619246974 0.08524805425404347 1
10.268503512236453 13.558637930392587 -1
9.577086708547204 17.500742989797203 1
3.4538162823480767 12.900623450273885 1
4.790853446356849 11.262896538524487 -1
10.686099115455512 8.068108487699412 -1
6.494013263699825 3.1488912793835633 1
18.964777164509933 4.082868036528591 1
6.155097710038893 10.797151167133807 -1
10.503831391281587 5.181313911001036 -1
17.284087640127858 13.291542639817347 1
3.026555563173261 19.023553692378982 1
11.233733081799109 5.850173153020377 -1
8.280434489042301 3.9116186516819607 1
10.386887890602383 15.569324197067175 -1
8.7925994144923 3.2282501417637066 1
14.803679518793732 8.231547526783498 -1
18.655085080178242 5.999442406470985 1
4.106313591501751 10.5302395063082 -1
12.780676915796006 7.016881885459878 -1
18.610792025964365 6.0448328117096946 1
19.66844509068967 13.585167842915718 1
7.492222100469039 10.435295989956133 -1
16.41696070509492 12.255623870533302 1
5.900125639135898 11.159242202470896 -1
3.5506419796440847 3.480921572873781 1
10.341149385507233 10.771040751365184 -1
3.010183904128483 12.37276566009723 1
9.78810392687511 10.47591652724928 -1
10.225398535989543 15.113693493247819 -1
12.140346834977251 0.6799294505980025 1
5.157038463122403 13.204108112596149 -1
5.011708633121989 19.387623665675516 1
3.518745343589229 18.312943018172522 1
10.67643305782507 12.119018029614512 -1
16.711017727759774 2.871601311490526 1
10.186169677998222 15.302432991756369 -1
3.244711008449306 9.969394633155439 1
9.347910064344438 5.214147771416724 -1
9.619469661211689 16.921011946713552 1
5.64383901714987 7.643580508055752 -1
7.864037201820309 12.199728640782642 -1
12.337895061582092 16.112303637517833 1
5.432807970298619 5.310876794184347 1
13.591739390076693 9.930783358176587 -1
19.977494108081427 2.3514864268082736 1
13.509203225596762 9.119582967764735 -1
9.697126843835344 18.719738123746495 1
7.107656989145948 6.448896351192657 -1
8.195756700648218 0.8473179922358187 1
8.905753380342214 11.144731629588096 -1
18.54767803723047 17.735898596725747 1
6.736722295210327 14.742799523167173 -1
5.511907336421764 10.934700767497699 -1
12.854310283701942 19.256018797375575 1
8.960748641331467 14.156789047598568 -1
19.698590832699885 15.871024851344444 1
17.518182175473708 4.111014125475114 1
12.17076655711608 8.29508891408635 -1
14.864023102961054 18.27453977528593 1
15.331319210080526 7.931398625867869 -1
18.43564705909985 6.686903649737761 1
13.921896943390621 7.030922831860426 -1
15.156373736026804 10.826232842561772 -1
1.2673164875592158 3.175012392039147 1
9.011413433313475 0.746012525435189 1
12.4338902394525 6.3975504909023595 -1
5.775666484595938 3.1272829561620474 1
12.794980870229013 12.596170804284315 -1
9.803035014972396 15.105998854398496 -1
16.944339750443888 5.366946153510086 1
10.201028316846275 16.56723083075201 1
13.0714770448045 7.416164405094509 -1
7.710169197024095 13.969748852590696 -1
0.6056666614182604 6.777779365625733 1
8.41283975743256 7.393655798818202 -1
4.447698264532556 7.444240011170502 1
7.166369022978742 12.49180685857562 -1
0.16996497944712585 14.57513316613117 1
15.758246109086846 19.154626455530273 1
11.635595456713418 15.723706056691038 -1
13.736845474201738 5.364437709087597 -1
7.2308823027728835 2.378271216382215 1
0.06991946027398388 8.79604484454961 1
7.9950249111331555 5.142586406084586 -1
12.174737494913476 13.852888105236108 -1
13.470649398845161 1.952649013188339 1
4.302897494476965 12.427623454197468 1
10.48739432218066 13.179703377722156 -1
18.78928603564437 4.763930331829334 1
11.950261270191856 11.06175637371097 -1
7.099659612065827 19.07002658690474 1
5.128833495631517 8.841318484897087 -1
16.001906425595116 13.121917440489613 1
13.09265458224929 9.221074211265192 -1
16.83844983421193 18.442035214202043 1
9.356954281589182 14.79662919618334 -1
10.585725814347954 4.892851737237485 -1
5.977135311032448 1.4653335788508537 1
6.103084947660829 1.0989382593621588 1
10.775915903196386 9.441862653460635 -1
7.663822809689438 1.8317826639570889 1
5.960797870142858 9.832049281923595 -1
3.7518977260564235 9.885204367185196 1
12.768113023435903 10.981745003245972 -1
9.363789046573416 14.859803107561785 -1
19.635815856188202 18.111695157770107 1
3.4698061823412463 3.733844544498952 1
6.49485678775317 7.537295655650884 -1
17.579433233663856 19.68611301483432 1
8.886978149695384 15.757098939467063 -1
6.208763578153156 0.04610334504793645 1
12.797259244436102 13.971735562222161 -1
7.295841198195793 0.09982738415602599 1
5.52204318160668 6.707957903037083 -1
4.488813988540126 5.740799101030561 1
4.838137580599344 9.260307644248883 -1
15.287512375658075 10.687466141628413 -1
19.63589687638224 1.6861529286973398 1
6.058548216927475 4.995586158817398 1
4.608210544406619 11.568168357224312 -1
0.829702237533867 5.318918006240634 1
12.862795880132065 5.566437033531432 -1
19.838630978553194 13.33173617020291 1
11.909916167752169 15.413058493055424 -1
16.8859315285109 9.23894348896427 1
6.731793366493939 11.931874979178916 -1
11.278933014135383 3.913931687140446 1
11.819294310093118 15.610352979086219 -1
15.823211316112724 5.944340291525847 1
8.451744576716983 5.7084241392543795 -1
3.587214952670865 3.787745666205906 1
12.592503006052912 8.205137049260358 -1
14.291147920260677 17.18760408460539 1
6.4718168027968375 5.511594606600074 -1
19.193836537727652 4.979423764320375 1
13.757510350225939 9.787551790024514 -1
4.981411222428587 9.42470716739349 -1
13.214644377823783 0.6089488632937612 1
11.420089649271556 18.078711181488337 1
7.358288523630998 7.840866540452989 -1
16.269138155673804 15.765319500919112 1
11.328820488417096 12.559007844654666 -1
5.750229539474825 18.991745789297134 1
7.211038576744899 14.685197658978453 -1
13.915584105487417 0.9941439566939358 1
10.019462237861713 9.72836329979378 -1
12.606153216622904 8.599699666759303 -1
3.914700064401526 4.824680211626342 1
2.971952059995202 1.9606267679898437 1
12.81536394663325 5.537597803009522 -1
15.050821544037502 0.42227299924137984 1
8.895552113126655 8.594267376199717 -1
3.328057764650474 13.738385305769343 1
9.906400474934781 15.801091673702654 -1
14.692311835877234 15.134358450830145 1
9.047098813372118 5.240406563254054 -1
4.492088625987676 8.87858543904329 -1
0.6533193213955757 0.5217428604088625 1
4.854955875015554 2.6515995575794515 1
12.474433312826383 9.073733636378844 -1
4.448589151560132 2.8396092047251575 1
10.38621068479674 5.410242951800042 -1
18.952325040114808 10.288554184199652 1
12.087287652671053 15.1048513538799 -1
6.0845814474744975 18.17950406198716 1
6.958186972996452 12.3806761187684 -1
17.93932006982597 3.774364438242337 1
10.220114704537647 7.5925984046258215 -1
6.874241660314551 9.373182451856664 -1
8.256350132939236 18.158607698823666 1
0.45346950115707996 8.987988696308713 1
13.035948771077921 11.058092114137605 -1
4.113581101915395 13.921127906395682 1
14.718682826297746 11.193566360769074 -1
7.900138938654628 15.664442728527831 1
5.636039080824478 10.930306547389455 -1
15.352696425385071 5.160445855903215 1
9.705915237710531 5.948142133430689 -1
11.836239637972596 12.74683171077382 -1
14.030643082609842 16.25587387867928 1
14.837898535723843 13.551066411557446 1
13.256083057331356 7.308462428759577 -1
13.48882860209811 17.297036974871148 1
11.166638017776933 13.726074016845573 -1
18.91787345136137 8.351628803205351 1
11.671336405346313 4.713761617835852 -1
10.532690794298059 5.361018223270819 -1
11.562871094353069 3.8497662016665823 1
8.413842459099683 10.085231300146331 -1
11.987203535430243 19.32082413499008 1
3.3030008426183555 0.8444153097781659 1
9.695636105378021 12.05438262602151 -1
8.766836624477426 7.117163307392711 -1
4.023519691077551 0.005340350449929421 1
14.33972659654652 15.797838064502168 1
11.41439500871227 8.784950616128658 -1
6.739830606282782 19.82131669058574 1
7.687707438135929 8.185504953036416 -1
0.44035708300552256 12.743511699091636 1
9.252943540113547 7.89443747470883 -1
0.16858778347917935 18.762548455435137 1
6.086932474822886 10.528343315071318 -1
6.033119989968274 2.0753809298393544 1
5.549309038546822 10.611821779786458 -1
0.7249154602722108 18.811421449773125 1
7.9683275156149875 15.317889874588799 -1
12.49665028540405 8.830217028248772 -1
1.2471980322607235 4.516457409815235 1
1.7956056063094716 8.539207219456483 1
11.567785847529052 8.006695322987978 -1
12.738704607648668 9.662757425516347 -1
19.761163814112372 19.41306376462449 1
18.373102131641332 9.032933708026864 1
5.152524055784022 11.24067381552411 -1
10.668897417998469 11.002430209687219 -1
0.2824533013470787 7.585837075761946 1
6.440571293345672 5.830559528911039 -1
19.584841741328084 14.06907618494353 1
16.140495240138325 17.72690585617251 1
8.261310788344172 8.1819764005406 -1
0.9554507561168935 18.20845976412009 1
8.30731062194902 15.504421796550709 -1
5.276552043343878 9.949292679962596 -1
8.139030427497007 15.934681915192499 1
13.084029028084883 1.3259469193763396 1
7.702009947065909 10.199670297973999 -1
0.03090892840287074 8.888003742986717 1
15.118786355429679 12.05545269719131 -1
1.7608451456761753 12.829392988803576 1
10.95218251764027 13.903601655071729 -1
9.636337115208708 5.273667255099754 -1
0.705509045817263 1.3475314835702057 1
1.3830369931978792 14.136904117264347 1
5.4025023811542034 10.498473808355591 -1
9.2344948375476 2.816737780412899 1
11.084955655758822 4.729939548580315 -1
17.516668023632562 1.2179660742344778 1
10.441143985053852 9.497397852231718 -1
13.533851552607633 8.62147843413068 -1
15.328783468524357 1.8458009469969139 1
11.19659100541053 2.60603127714073 1
8.772858476119909 13.577006457985386 -1
2.0498355918859823 11.240980172474728 1
12.324333922115365 14.782922837334695 -1
13.401115526670575 7.703411469528449 -1
12.99672154904046 15.339865605088407 1
7.967579185381231 6.7022287315928875 -1
17.836841916025175 19.864666128388905 1
2.015585739283343 17.961408763503933 1
9.183622472649862 7.9294826905899995 -1
2.4527764013932107 6.150557975391742 1
7.9206554810615355 11.964934139232046 -1
19.0760148450138 4.366000650460052 1
12.101749930076783 6.774621206253477 -1
7.241230789230293 14.897264716684637 -1
5.708995059861057 15.780029337373385 1
16.79824933840901 7.60857783314192 1
7.528850485053797 13.527076943043536 -1
12.999541136760902 8.960148100905212 -1
4.644127835249654 5.208771934834793 1
19.816089357708805 15.072912581277098 1
13.315831143213806 12.012778429128455 -1
13.275939799828876 6.406869737402092 -1
3.4303341946928056 13.206833812418344 1
9.31216622895765 10.78380570690924 -1
8.095159668864413 3.319429225342523 1
2.8930659901752587 2.954287614527844 1
11.090715884573154 9.369697356624995 -1
2.8771853513331225 2.7145919086449988 1
9.46976768807591 13.78199642506207 -1
14.912095578583433 10.12772398097429 -1
7.619694357840887 19.573489096173418 1
4.117153859348608 0.6324436466119088 1
10.957359672899615 9.59819954789958 -1
10.637808191514642 12.567030457953003 -1
6.3414572570484395 19.156706204251698 1
9.999312193727778 15.290944184239734 -1
1.2376728033970696 15.501960542228954 1
12.332901450839982 7.745577243574271 -1
15.297390519856123 4.510627849517775 1
11.934200457153565 19.19631162293856 1
4.873578743635603 9.9264772093522 -1
2.220882711154233 4.754530635992009 1
15.41144033353218 7.887820242163186 -1
6.05758955476174 13.564455479048288 -1
9.028487838413284 19.58046759871164 1
17.749773246009017 0.8375978732858336 1
5.679027874578608 9.783180322800947 -1
8.002922190873605 19.06489557324456 1
12.551652382326415 5.579762971761733 -1
3.7695573970397778 15.457352312003511 1
9.213924779610196 11.848007733861225 -1
16.575820265035834 1.13403131804112 1
13.512451214528516 7.268535952997681 -1
6.104040031761421 8.076666927717014 -1
2.3287235466864797 11.450892633515672 1
17.259601947598576 5.367542587095333 1
12.27469262519438 15.526899121105602 -1
17.4036881502399 3.140283381914415 1
10.079952122998822 9.044020345896119 -1
13.092449435561909 14.383852373359218 -1
2.458367222168951 16.03631266483046 1
10.559953388400407 7.815756340710925 -1
18.474004134973775 0.35081566323458935 1
8.988678747544995 11.732077647922537 -1
15.120425292432387 1.0628081724405414 1
6.630229108226519 17.83717973334308 1
6.577081958798661 12.24373131261128 -1
7.694433615441831 11.775343750726757 -1
11.073713616238297 1.9368929588673889 1
13.473287084539985 2.7148208707702537 1
4.828068355339365 9.682386974266613 -1
2.164069460460163 5.216461882838748 1
10.552529612444399 5.286286433798153 -1
10.673216904463835 10.038886500154515 -1
16.46920496780282 14.594860639734868 1
4.589859523440369 10.72749817710551 -1
18.910561094740554 17.27495272359137 1
2.87485272683359 5.380706321073896 1
8.311223024150626 11.527704367171044 -1
17.875013369270977 17.687005799714296 1
11.994773545120374 8.550696891435088 -1
8.572234556198053 7.590033694443433 -1
14.205041000749015 16.664695115843816 1
7.50170628018555 1.1387660832399171 1
10.166178964592 6.887453440702165 -1
4.157326506796495 2.2678190400996368 1
4.318768670129856 10.346276832098999 -1
18.680439066242776 7.869758415115015 1
7.151904300645651 10.419713720749677 -1
7.039181404178294 19.33744697553604 1
13.853204831730938 9.2081179010233 -1
19.204087025970114 14.4854616439683 1
8.503004189849046 14.303746049475981 -1
9.952512103066711 18.061076616838335 1
8.960463195177502 7.894391675685444 -1
15.21878292408923 6.890796974036495 1
14.05958860768802 6.786517775958814 -1
19.98058278104327 8.534146030433106 1
5.085798043641468 7.082732959365929 -1
8.516067964628471 16.24130576316687 1
11.563718078049568 9.092015527154151 -1
2.1720265023004393 11.782841777435673 1
8.364543329891635 7.823167951692486 -1
10.640929021620284 11.708588607455063 -1
6.521007198138271 5.100530021261973 1
1.6233825011249348 18.03600841955162 1
4.18827596786474 9.474736134708266 -1
9.491899820015462 15.298575096214787 -1
8.454004394025173 16.086563032309297 1
8.082568487153441 2.072687762923593 1
7.900050336098183 6.588785897985005 -1
6.771245969748751 2.884090726937407 1
6.977852957269429 14.172811015854201 -1
14.699171017861286 9.439202296488746 -1
17.586545038818496 5.528465214640024 1
11.935569859408703 13.363525635315304 -1
2.353111463834765 9.07633735718451 1
3.6384442910987547 19.867716142801704 1
12.940624291476164 14.857866197535518 -1
4.418904153931171 1.6954563668396516 1
6.170637728296631 8.990508192189022 -1
8.388412602602722 19.190258098657896 1
6.194236025023903 9.182274619669982 -1
4.5895721914061856 6.9085507104735395 1
4.882517582044814 8.45733790488124 -1
2.051327437767696 12.021029503918236 1
12.31841464092713 12.896030644922655 -1
17.08539290865059 8.623603855861433 1
11.502512134682767 6.96377021474063 -1
19.952778871398408 11.642022869890635 1
7.796208666280311 10.309960899971237 -1
4.773185948558818 1.5452440483073637 1
7.335125090960643 12.995591649403238 -1
12.502189176525802 14.3866488938502 -1
0.3459648005579785 12.088930295044369 1
2.308863446933238 16.282557832737293 1
5.623830932072522 7.808823866380619 -1
11.986932895503532 2.865674339949522 1
13.527627922586067 12.673359095695453 -1
13.799448025353367 17.381736303458805 1
12.51679589847238 10.552358576049299 -1
13.219812154790844 13.009801846235561 -1
17.38610396776758 5.759266770892458 1
8.030859784457798 1.186978994432366 1
14.004623051979346 14.09055284914253 -1
11.82455325954473 1.6474926117965616 1
5.955668164694938 8.66583644539678 -1
7.587513557513903 18.0386118214865 1
14.60253664599219 11.952134046458733 -1
1.0090531421408788 11.260982879915876 1
5.488534475141897 11.196027774949629 -1
3.266750725907026 12.605085694374838 1
8.173178638926778 11.206896989331048 -1
8.348789724945785 13.294603705518401 -1
16.66088475335021 12.072542762273915 1
9.904581984099096 15.499194768308922 -1
4.46988849115982 13.31950381772566 1
10.582281198215913 15.61285815497462 -1
3.152887594558693 18.79923115018109 1
4.4899274075520434 12.4107275778683 1
15.147547494959257 9.413799820721952 -1
10.181839581264512 12.355546591677683 -1
15.910655863859757 17.728173627486434 1
7.059596965777171 14.16681062395249 -1
0.9417774328362793 18.686123944181293 1
11.45014002117524 7.561867942509752 -1
11.17189586701334 0.240047494091562 1
17.8028508855455 6.695481044685055 1
13.547605902142198 8.129691806833858 -1
4.435374407061534 8.972600562660295 -1
14.871174290219834 3.1270273986254993 1
3.8689106579178367 10.142732262857193 1
11.344987957710423 9.910699549985214 -1
5.128607454643241 18.391597492511007 1
7.717424308899588 5.049573462819723 -1
12.772820589012843 17.53139479702211 1
10.432502539438108 9.104624639366538 -1
14.2594064800507 14.88197451602645 1
9.813155442608908 12.811064777977228 -1
18.526594224770474 5.8674307867791615 1
10.86698991559022 7.135768204861083 -1
1.0966235830430526 1.0666801512616852 1
7.567177492962021 13.58043410781212 -1
1.2105604172429918 18.653623118421642 1
8.272347758351613 12.996720038724378 -1
16.257812218798016 17.860440351829187 1
13.582133420013037 12.597029809667928 -1
0.20919707337323068 2.7255765784082664 1
14.280177066239322 7.191450891382713 -1
6.928013327711538 5.2282190872768926 -1
0.9976139356598668 14.76738891086903 1
0.05440230565747273 1.9362752077094858 1
6.909026562412781 5.498194022235654 -1
13.297905289433533 2.5654463327633326 1
12.163529170603827 6.317379258298612 -1
14.23863636477167 15.43372458418121 1
12.803924256277536 15.290470763484876 -1
5.634894213210515 7.998384121327115 -1
4.293669096926902 2.579443953185334 1
11.589039703183472 13.096314173794601 -1
6.35319168282974 3.1280117784952632 1
9.977432533713737 13.705906421272706 -1
17.52932064803637 2.990372298106889 1
6.0380514636335425 1.975729572329643 1
9.38961833784231 4.981492743051672 -1
2.7270992171438158 15.528017616179033 1
10.671486138936723 13.366728513299346 -1
18.009282780417777 7.257794258672874 1
5.434349420907965 6.936798323644564 -1
1.1414263421026782 13.1200071298432 1
7.927110249458284 6.104920622206508 -1
1.5511250978574087 8.184034795540185 1
7.318526144552033 8.05075590519815 -1
11.313229625899346 6.531085106824113 -1
13.051731499775894 1.415272101630387 1
2.4544481779702654 19.13107629712503 1
10.194973609522231 15.414958389986948 -1
0.9419228143090863 19.11710355732544 1
7.332430092311997 6.032893599667839 -1
8.682905346938748 16.949680369335077 1
9.287375360103692 10.822419457468442 -1
14.01847873943586 18.209408410839348 1
12.192748195574431 12.519855124840081 -1
4.660604332708209 16.966006946506567 1
7.090586930664562 10.807477393534908 -1
4.2747043611413 8.0047120534655 1
12.309046498361196 12.134691608450197 -1
10.593060097388957 19.73540032157811 1
8.946943435371825 4.305644812908767 -1
8.94583361520981 0.7144328216594564 1
12.591751482596028 10.950935520592894 -1
15.938349129943198 19.74497078160278 1
7.540995082555351 11.282460288623511 -1
17.808422408510737 10.004638346534255 1
5.0622159114000915 12.515978458748407 -1
10.523915598043027 8.393607998695067 -1
18.324092886127936 11.911907100395783 1
3.185679271295696 5.019593702611664 1
15.689654245483426 10.607010264954264 -1
5.25158038038863 13.580440136924604 -1
15.5434034723714 6.220328372055723 1
4.937479380289647 5.232340963691229 1
4.754400178797953 12.147903233955438 -1
