16.06870559345198 2.243235055491617 1
7.393118120699156 6.364763327953229 -1
15.685981300504794 3.577940393912562 1
7.4122521815371485 6.111878748954489 -1
18.258507049689335 2.907503960911091 1
7.463978282965322 5.814137084534245 -1
5.311332782471658 19.237398182508233 1
7.295900340898238 4.899502458898666 -1
6.531645073919825 0.20914631174377307 1
11.166832266726423 4.237932945792757 -1
16.62744814020789 16.291234250634897 1
7.589051208032068 8.402971748579986 -1
3.2894388393393315 5.176459597331338 1
9.91590579603664 4.972662354970405 -1
10.231537665512498 19.60132066738087 1
15.280545282168417 12.457619139816984 -1
18.26251751641451 13.901859367979078 1
13.831859805396734 6.058401252329819 -1
19.604343357468363 7.26797245813583 1
12.463970979309607 12.848769543718173 -1
11.297623494620478 16.01822938294942 1
7.280206375187619 6.266730900245408 -1
5.760984748874303 5.557096271361677 1
10.49486244400696 11.23490247322165 -1
10.011916684876764 11.507864193143947 -1
19.338032603137727 7.081236332619262 1
11.22163803626674 4.5284618678229265 -1
1.8008470613501726 5.965814780741749 1
8.96492891095221 17.555181721889312 1
6.425088340925247 6.551705568215482 -1
4.970725640572031 9.708914850613864 -1
8.56709832440696 0.24330469374077124 1
14.020597277891888 16.77080283427914 1
9.186140351740722 8.770819947119588 -1
10.53802257461136 2.209942393740414 1
9.290677269377356 14.943613402366596 -1
13.479429788106113 11.983845116757873 -1
5.710500656735538 19.98249570170865 1
8.078930390777936 2.0651885810256743 1
8.15686582290433 15.058585231238087 -1
19.490355664373094 13.723796998076033 1
9.131929225025367 6.5882766312789425 -1
0.1784597514717179 0.26525446429403354 1
7.7560058287101 15.31973891916574 -1
13.533429835607663 8.527884289985604 -1
7.006857564189708 3.8042349964088595 1
3.9992022229539437 11.187815539744598 1
11.808331083007047 9.384363729897471 -1
8.479597757302448 6.972498056339647 -1
3.4466689850482757 18.111358134519545 1
18.785330144445425 19.41408190487797 1
10.96238595000754 11.541926128566956 -1
5.842188620716775 5.674392846927471 -1
11.255304354961275 19.27440105709326 1
8.550965899669174 19.531636320554636 1
5.241781789592467 8.337366264123183 -1
14.324924102971899 12.225215124401767 -1
4.031847863144655 15.529457672311281 1
11.545246069374377 16.495536567201498 1
11.670539897814978 11.70998847665822 -1
8.387521926007643 12.107468322587527 -1
15.22816591668178 13.591570399678233 1
18.02779369325259 19.518991904328477 1
14.41212966340923 11.353591144559868 -1
18.62569196890284 10.815705386742021 1
7.6802423951853305 6.7918381443175235 -1
16.4916509948551 3.4997635267284544 1
14.329071353665828 12.264679494027435 -1
1.366960463900182 6.069912902163108 1
7.969574141159113 12.492611429462437 -1
8.166769598096277 0.15332617980458707 1
11.093550049511824 13.821476462284515 -1
1.9624779272348336 10.586988125172088 1
8.6760452920489 13.712219375296213 -1
12.100109711176597 10.394445459421442 -1
16.230705024266502 17.17436764826209 1
2.933055837876457 7.150465450234709 1
5.152342884356216 10.322957300607541 -1
16.03167329885634 6.661329353762737 1
10.272568592714606 9.316087714277838 -1
2.6650679887340334 2.136677942764047 1
8.098957774516851 11.151039433278285 -1
16.63204664266476 5.516677554449389 1
4.761728781786396 9.36608652271374 -1
10.145066388171989 2.7172798762063866 1
7.335560432151562 7.198852947854 -1
16.26115843267287 1.491106018838606 1
14.929599087765173 11.202938613592696 -1
13.046829269398275 13.810662382656584 -1
4.694637386844001 15.275732257254347 1
19.00380774004639 17.893850357046006 1
14.940003276924207 6.92869259796562 -1
8.343975414746117 3.293166515511967 1
6.155943097047018 13.66734250485817 -1
7.978510380546382 15.202105190796143 -1
19.013511141357785 4.130980375608198 1
0.6999779947439566 7.4791344127410415 1
4.84848186034601 13.048362823080312 -1
13.133327621028805 12.716649605100333 -1
6.594585444505663 19.026668898845376 1
0.7518529010441766 16.07228858790175 1
13.16808156351971 13.244070951481087 -1
2.664003829173276 8.802053801155495 1
7.136539204428784 11.482971885659436 -1
13.200166090641027 8.601477129875226 -1
1.949440819786561 2.490551901410194 1
10.159244184861357 16.666246653066448 1
8.931922919428834 10.568923979366785 -1
10.671132399094912 7.5976392352728395 -1
17.797534082522695 8.833388182248411 1
4.006246118864816 1.4571922167227536 1
7.831026145962154 8.974623909499641 -1
7.169549253065226 19.791777319113496 1
7.8263314607972685 14.008957111124092 -1
15.046148378387619 15.580162484744605 1
7.3245316431237235 7.94344139024064 -1
2.783760220493894 13.297120416834304 1
13.489130921145378 8.210400001818812 -1
8.418307632031077 16.207320995338645 1
6.431187002363887 11.965308054957372 -1
7.59120561300146 13.736028804704254 -1
13.742462353714778 1.5978042574822182 1
10.984051253951534 1.3588066385014486 1
7.034447193865985 6.335896066201611 -1
3.16274703765441 8.570672139299447 1
6.966536480536218 8.126341119345541 -1
15.944507430725917 11.757798688024753 1
9.26172961060636 7.441709727261534 -1
17.570406824154617 15.150591149591271 1
9.354702665267878 6.109055139742551 -1
6.777281286793226 5.890801921166333 -1
3.479864166998603 2.6775631431661506 1
6.780171955869134 4.325699456390819 1
12.479338290683007 6.2505071955653975 -1
14.839467367791237 6.9133466730167425 -1
14.504879338603665 19.735745963042636 1
11.123309509226258 17.770214260418353 1
5.20290266412736 8.143607083220033 -1
1.351728354461783 15.309772721461037 1
11.111223339411005 6.542030593807786 -1
13.49158447688321 8.044858132946501 -1
19.835712649254813 11.639167398233504 1
17.705962764843612 19.903677363767038 1
13.648903635659257 10.500099397851855 -1
6.548025280847629 18.380719244114747 1
15.330996489558553 9.388296064689994 -1
1.9612214649239523 4.2123592697810714 1
9.228211516558812 6.199330938301674 -1
18.55838490821747 19.59418945783328 1
11.754342487757427 5.787239095122856 -1
11.093072057554124 19.339971003524678 1
7.9181511585790005 5.058232439928867 -1
6.5844431924280755 12.04953378691827 -1
4.271039443636278 1.483634965351719 1
7.973806225059574 6.501741239464072 -1
14.371346248207566 17.446365535796346 1
12.168980489788979 15.523946347675526 -1
19.57717897251127 9.037572661648518 1
11.447814789547364 4.813937149504626 -1
1.0459326972886807 7.558906190169816 1
15.792647511630584 1.769202246573709 1
12.779278229137145 7.317998008612491 -1
19.693983441558718 2.290321602409715 1
11.127827314028515 6.866422501205318 -1
13.27610969093509 4.800651514250614 1
11.861287701462757 10.583264555781193 -1
7.218621412299719 4.232204502776171 1
10.693658089399188 14.11984213164679 -1
11.988861723984066 16.41027535701866 1
8.23843781630201 6.046259917531311 -1
16.718507814806564 17.333138857130272 1
11.366958361448534 6.4439509568335795 -1
12.704129446556339 18.672849714419193 1
12.741355824120124 11.302145156506242 -1
7.715811349451432 6.425108973674489 -1
0.42754858912595006 9.121004883257164 1
12.533967681477108 16.689038184306607 1
12.96069888998067 14.887567424421256 -1
11.617354889776886 18.536750400300633 1
12.602203718754941 10.034082922306407 -1
13.663085937953403 18.742235359147294 1
8.152910830037642 7.067979301758993 -1
18.506615840798695 18.92968439668768 1
12.64056410320459 12.094498450940828 -1
5.095963882173933 5.154388047260417 1
7.247946194848356 9.809543533692814 -1
11.614221269916227 6.75384771328064 -1
6.203178890777512 1.1884641589033373 1
3.869859724790772 9.916085217053457 1
13.998996318832441 10.496415981921805 -1
12.059914926232306 5.259955983803549 -1
1.899540217004374 6.123293298158745 1
16.90753501731358 1.6039743254092942 1
9.61766823242449 9.904676438957452 -1
8.789654458291768 10.946429756237917 -1
12.821049166775872 18.013658250132014 1
3.245226596180242 1.4728245029898313 1
6.051635515891453 9.757947021579763 -1
1.4098728151614703 8.629412056769027 1
5.856136817875464 9.734520432335767 -1
7.844802649186433 7.291637280370913 -1
3.526868581622713 11.548338187223802 1
2.885261526271312 12.606129626509563 1
13.143767238824097 8.489706640980605 -1
18.113988702154604 14.796944273225677 1
10.959883639870014 13.833900251886064 -1
3.286653785209852 3.4287121484275263 1
8.15636430648452 5.223646855263051 -1
11.545066561729534 2.833187867192344 1
13.457881645949383 7.666938353772881 -1
14.237770549305942 5.516659130014632 1
14.389684713882463 6.118638606334312 -1
18.36817021200281 14.078559825667885 1
11.500876922136161 7.020742667031459 -1
19.215262644697027 10.169702743019908 1
9.662406861558228 8.519199091384 -1
18.480797212301347 6.790850040763781 1
8.960740471020268 13.898135675982402 -1
9.560590902847965 1.9041078938650657 1
12.78176261803943 8.877184712371275 -1
10.819556801199715 3.3741814398595027 1
9.336367686286815 13.688640073856376 -1
15.7981098449794 17.780560900102902 1
14.814020487455739 9.555863333816337 -1
9.831763027567252 13.116582173821081 -1
19.207622408138906 12.605271376751144 1
10.211533656720224 2.454874426367648 1
8.003498608412603 14.969714502287708 -1
19.604534615178416 11.449306897866729 1
6.83743029844452 14.089892562169608 -1
0.036291225582048 17.783985914822104 1
10.416604461474394 14.461229926791802 -1
15.647730073113184 4.489579509571224 1
7.789277586121763 8.590630086657743 -1
5.139156514060835 9.672108456428871 -1
3.362363834743707 19.917810810786342 1
2.741048661035197 17.865888272994248 1
12.504982437054144 9.563268941621907 -1
9.471239833412628 19.357742007356322 1
12.421226185329227 12.18935523972374 -1
11.111311371886753 5.561199577215712 -1
1.9526951613149235 9.353548880161277 1
14.174482516600532 15.820653236617286 1
10.768733479941918 14.682872197603716 -1
8.427041598284076 6.911714367226239 -1
15.768128150206817 12.114348912200521 1
4.767406060384518 4.652978918408688 1
11.442169518248297 13.250466059118322 -1
7.379880841865647 1.5130677186064534 1
5.70061046823392 10.037215371637187 -1
10.845138206891189 11.466395991088078 -1
2.0373826470247125 16.670134124828465 1
17.622848386494002 16.277069612980064 1
11.025000625510595 8.017227517631998 -1
7.8839082304909125 0.13290549715551547 1
6.301244882851704 8.181072695021573 -1
14.706492200128668 13.47139515592243 -1
19.416683617468355 13.560309270449453 1
18.764590679327227 11.231435939561418 1
8.596978127706642 12.674668165263036 -1
11.461109547446842 5.55644322665203 -1
17.721524862583703 0.5463580172835414 1
13.840950316743264 8.784556589011803 -1
0.3740464583643366 11.349494871695676 1
12.732891931097729 1.3729079329804472 1
10.682991496117948 14.722197795162222 -1
6.436998158312348 19.3160750859114 1
13.236669838942818 10.15208111310429 -1
11.330525410850926 9.976084480156027 -1
16.589484075635244 13.754917415444465 1
13.960303954417002 15.771589894554497 1
10.211978287747394 15.61773744003256 -1
9.573679100749938 8.562319327978592 -1
7.258164859511442 16.58237467927637 1
8.990958181747297 1.6500768935436771 1
8.562047687179701 4.516716081373442 -1
19.79374683084698 18.570022532391338 1
5.1641279704709175 10.164190031815963 -1
6.05115993558778 5.158787273454712 1
11.190489137430612 9.384438723759365 -1
5.033129111543668 6.441055561860312 1
14.941431500082324 11.90118961035135 -1
9.490894018395169 1.6161036202201884 1
13.654604215580191 6.35347659070113 -1
2.000767293211636 3.8119259720910548 1
15.7004258366507 11.215265438830134 -1
9.508097129329297 1.2218879609245303 1
8.396161839102934 14.776043964482287 -1
18.100517804503667 7.261433993535443 1
12.416684705804734 9.030621894073818 -1
15.97330793976196 15.15449041302665 1
6.269336146736791 13.494720132086934 -1
13.865902104432365 17.32530346910446 1
11.378167378136872 4.993593166909007 -1
19.795073379815623 14.69517064178839 1
14.190193751736892 13.139794405990555 -1
17.889800364235008 12.270770998141058 1
13.964060768420591 6.487689207142244 -1
7.043480054456117 6.971790246335081 -1
17.34035305015386 3.7919066915447286 1
10.53616707575889 18.549970311506257 1
12.390582821725376 8.588199028330038 -1
3.2704494519921257 3.6936247069742545 1
8.22895188443957 11.461424504516646 -1
13.563304728423143 7.751184965242328 -1
15.89426369012681 17.46888617734115 1
18.190759332337244 19.487812311045627 1
10.096731101618332 9.154473322361923 -1
8.05698046535603 18.817826497467497 1
6.431309864123433 12.28948470343298 -1
12.146953206220847 18.2977411338194 1
14.328231651384897 10.884372368515622 -1
17.348657957399368 3.343166535524873 1
14.725647670338724 10.809582289466418 -1
14.705440330774591 4.747284612384444 1
4.196651762310257 9.45660218291339 -1
10.01899186637909 3.5493969877405185 1
12.654441084333731 9.5985955932328 -1
12.554201132278934 16.653423936578125 1
5.446664695487716 9.26786346815814 -1
14.484685380478782 5.985831417175844 1
4.974235913814007 9.212897902323009 -1
12.597963675547408 14.03007491050402 -1
7.08754228193432 18.14450545471646 1
18.143585228243143 16.87291015691995 1
4.593823703412861 10.219471765811454 -1
2.322244117114134 2.3164269220107925 1
13.494458743944211 12.065731316047968 -1
6.9844820656359 14.928351064288222 -1
0.003038602883111974 15.001000190685826 1
0.4951075102562119 2.68002280400931 1
13.948222299831404 11.249066187010847 -1
17.60435444126539 3.462580382014533 1
11.000434255489168 7.288465994390849 -1
19.065191048348353 11.387774950493943 1
7.550059960724798 11.514726578435948 -1
8.218742914631509 6.833835996918274 -1
8.82017469259971 2.221160812723182 1
15.589145199925303 12.612692870644908 1
9.49069831281787 5.736648545390047 -1
14.463489240681511 14.27988473519295 1
13.317794685487776 12.703576832298305 -1
12.703281124883405 5.781073971013198 -1
5.021913439989632 17.475360680171548 1
7.435939715742663 11.984728464527777 -1
5.3973533747145 18.47561900783486 1
17.072158105603243 12.661352500865739 1
6.542987044818043 9.991970775276467 -1
12.118201316336375 1.4418089983916627 1
10.355865337568328 12.979006927689952 -1
16.09075813678716 15.739692108318062 1
8.453442791054472 6.521951598259488 -1
17.60638816266411 13.931840602499644 1
6.1094436725780525 6.549312481898437 -1
19.394370188118625 4.993269033728729 1
4.732808593578666 7.372909745772542 -1
5.294977582740572 15.025041051332234 1
12.560700606056107 6.423680489120292 -1
5.293323731650796 19.380268101849524 1
10.206812176491162 4.6946561392430075 -1
12.634772506667822 4.848147228476957 -1
17.3844181830272 5.871656245618779 1
6.144768004649654 17.77429376666205 1
15.122885207976429 12.136850140572983 -1
6.686116950260661 7.405329198254373 -1
15.458611150503925 6.4631276536837445 1
9.316937490540976 9.711287083539414 -1
2.748383790235567 13.47665194497496 1
13.14968894756451 2.3720352149257184 1
14.980539005190412 12.358584041439011 -1
12.331944823396622 16.346252916511396 1
7.4447599392600665 10.291360475861559 -1
11.314449338160975 1.3243118227764805 1
13.319422889900947 7.646941091753609 -1
3.978153472989503 14.812853451265289 1
11.283194586369232 9.663856324393215 -1
15.746805282542516 2.749111210376436 1
8.314245765434995 10.30475267943088 -1
1.0371737832034578 6.342662305413251 1
6.948105724439766 11.758461377225036 -1
11.024821219465098 18.08788853039854 1
9.750153323830862 6.805362306405101 -1
17.497382727355035 19.260870482804947 1
11.063715262064303 9.423279438272631 -1
3.2352271910269192 17.5132101506215 1
9.854188459150174 14.673166448011317 -1
17.01428607195048 14.236611776023526 1
5.752100127968158 6.00646577388853 -1
4.838529731734926 8.55623238125241 -1
9.157962835627975 17.948589264228406 1
16.60722249379353 9.066284431478081 1
6.387852213332432 6.459234826690123 -1
8.340277661739936 8.426152175086282 -1
17.091826261416657 13.20636727283556 1
7.610876380122242 11.894460438772132 -1
11.526137802903465 0.8948169578374321 1
15.040857622395752 18.061179963508682 1
7.614748094311981 8.98750174165583 -1
19.339253419200745 8.513289557279077 1
7.5064228278668965 10.321194900439778 -1
1.7566768589269843 11.701751764756175 1
8.304791570873602 13.294308549794579 -1
17.272891533003136 19.336402697095558 1
10.455254881288589 6.034968345161687 -1
5.9465824713080355 2.652827679445877 1
8.820475388638577 9.59033811205872 -1
8.826461886426266 0.5580284712829964 1
12.558344044614607 6.667155277654868 -1
12.420163915503954 6.721353497313077 -1
14.095454037167372 1.6449552607971696 1
19.697294417273387 13.88635594224629 1
7.904716720275086 4.8810332477450435 -1
11.086220577498382 18.212212829959977 1
10.304062651230172 6.614085649695582 -1
3.222912120926893 15.053675844201376 1
7.714875757951316 5.7642616891755 -1
19.639223129470615 18.401857285980054 1
14.641121681376601 9.883197488716442 -1
14.932999948353473 2.222588119429598 1
8.360274851336897 6.847723210180101 -1
11.16048771101456 19.118481063054666 1
15.252068881859653 7.939889036435906 -1
4.807536348151054 1.155651559451527 1
5.9189548423349265 7.883160922530714 -1
8.756729990172465 11.28335179930274 -1
6.6197320321610125 16.922825196858096 1
9.605684830590242 5.151821585278089 -1
17.21513578410528 17.657766888821484 1
8.07647666012359 6.596560855931235 -1
2.2442987827064442 9.796676784859686 1
11.423273531822641 11.210759103346161 -1
18.329408475511148 14.714001114513538 1
11.25464742376531 13.499318982653971 -1
15.14490043716709 15.918951094774243 1
10.760634484023834 11.988328808860189 -1
4.055583115730618 5.0244849418840225 1
12.459496778746757 3.5817746437191533 1
10.17374976572254 10.594004279449008 -1
8.150429441241629 11.780328354016412 -1
9.523098781586565 16.180405617465908 1
9.408806797552582 17.165696253202476 1
8.188765128126146 6.589259456440022 -1
17.394893602825796 10.460666723033892 1
14.451363243457191 8.901789619437523 -1
7.973323171337645 1.0165849592375742 1
8.723328006828835 5.423785804788599 -1
16.16140878788893 2.3458528625577646 1
11.146192794091467 6.7168501636091404 -1
2.091486648987544 6.155334140938762 1
12.195175004963186 8.607202962782875 -1
9.404422724934783 3.430474543634301 1
10.185264220087113 14.805256286924994 -1
7.966688568719535 9.387080726553933 -1
18.121370233487518 6.128066162923444 1
7.271419546239864 10.639963788706403 -1
3.8434315268069863 1.4126166128945639 1
11.028425766573339 18.251704822261374 1
6.662118099835892 6.519170133222694 -1
4.608738526363734 6.532375339863603 1
5.970473780222035 10.94812778651203 -1
1.4273554825387058 11.04603521734014 1
12.527886119823714 8.817144753310481 -1
11.879655994115891 3.245620604463677 1
11.438982702255663 10.72698996866613 -1
17.41396616220396 16.850678016442323 1
6.14614361046619 7.102993322383444 -1
1.874199798077909 5.860341564859168 1
8.552862376768186 9.956898883602536 -1
3.8399576071237873 8.067253530780905 1
10.99125068808415 5.461793509820307 -1
12.054302062600485 6.544176380090285 -1
0.27716564705501545 1.0207744322990764 1
11.456009490615532 14.28164542688867 -1
16.351237968439246 11.273418740845589 1
11.199638942522752 0.834765519919991 1
5.141609753110579 12.945509269105532 -1
10.922519060217258 13.509864685317503 -1
4.603654434535351 18.75004171244283 1
18.056836392667716 16.039640222682884 1
11.588709752765958 7.0133061477415986 -1
15.569938861722408 12.157854327102726 -1
17.964871792484157 11.456691216221733 1
4.783015133994157 4.0317764904647095 1
12.452152282708447 6.583211099768917 -1
13.382833361510457 6.443514869113787 -1
11.279931158418828 17.93211228492125 1
14.751633599356918 17.569774038007417 1
7.531544188805275 4.87252057321959 -1
7.196157453951601 3.77318939543255 1
4.606270739874743 12.145020913456213 -1
14.119049302524495 0.30865772579237394 1
6.713178506741311 13.890820630120933 -1
10.645780363152301 7.157398814004483 -1
19.692231207908307 16.208266510251324 1
8.466439292421954 14.404645708193948 -1
5.002214152662194 1.7817413858898323 1
17.87169521082268 12.53923307742101 1
14.12405839754252 12.744543567362495 -1
12.62458763582406 3.498539004978265 1
7.198185491638121 5.93712477643523 -1
