3.8,9.2,1.0,0.47545744478424
3.8,9.4,1.0,0.422288006237356
3.8,9.6,1.0,0.388038244497933
3.8,9.8,1.0,0.375735039169307
3.8,10.0,1.0,0.390399142530625
3.8,10.2,1.0,0.439762986601327
4.0,7.2,1.0,0.486025531922302
4.0,7.4,1.0,0.294959483631379
4.0,7.6,1.0,0.188436762354166
4.0,7.8,1.0,0.165686611864908
4.0,8.0,1.0,0.22747213970268
4.0,8.2,1.0,0.365126245066225
4.0,8.4,1.0,0.474797532499369
4.0,8.6,1.0,0.495960575409242
4.0,8.8,1.0,0.460552911550482
4.0,9.0,1.0,0.405728200957047
4.0,9.2,1.0,0.351755107221314
4.0,9.4,1.0,0.306494149984537
4.0,9.6,1.0,0.271763257225047
4.0,9.8,1.0,0.247426428346741
4.0,10.0,1.0,0.233450966383872
4.0,10.2,1.0,0.231025886615159
4.0,10.4,1.0,0.24358448154324
4.0,10.6,1.0,0.278132795600546
4.0,10.8,1.0,0.346011104437836
4.0,11.0,1.0,0.457919360687104
4.2,7.2,1.0,0.354211267761026
4.2,7.4,1.0,0.196156688192026
4.2,7.6,1.0,0.101955958125509
4.2,7.8,1.0,0.0562797677970273
4.2,8.0,1.0,0.0392414096067936
4.2,8.2,1.0,0.0426814417047524
4.2,8.4,1.0,0.0766606615115508
4.2,8.6,1.0,0.157148156621581
4.2,8.8,1.0,0.240145166468356
4.2,9.0,1.0,0.271053743028484
4.2,9.2,1.0,0.26174237612113
4.2,9.4,1.0,0.23837566030343
4.2,9.6,1.0,0.214514137810929
4.2,9.8,1.0,0.194622542744817
4.2,10.0,1.0,0.179573293842177
4.2,10.2,1.0,0.169353516504866
4.2,10.4,1.0,0.164153336155238
4.2,10.6,1.0,0.164924376876118
4.2,10.8,1.0,0.173986477163214
4.2,11.0,1.0,0.196064051279049
4.2,11.2,1.0,0.239937494473956
4.2,11.4,1.0,0.319393012190267
4.2,11.6,1.0,0.446416720916842
4.4,7.0,1.0,0.371981587274275
4.4,7.2,1.0,0.229136743365996
4.4,7.4,1.0,0.131912730218031
4.4,7.6,1.0,0.0733792700441187
4.4,7.8,1.0,0.0406698447813449
4.4,8.0,1.0,0.0234383617826395
4.4,8.2,1.0,0.0152468629324988
4.4,8.4,1.0,0.0130375432621668
4.4,8.6,1.0,0.017817753070901
4.4,8.8,1.0,0.0391028620926443
4.4,9.0,1.0,0.0904604586818054
4.4,9.2,1.0,0.147815434382939
4.4,9.4,1.0,0.174645851905093
4.4,9.6,1.0,0.175399926602711
4.4,9.8,1.0,0.166024532820195
4.4,10.0,1.0,0.155164593574273
4.4,10.2,1.0,0.145823365565171
4.4,10.4,1.0,0.13875817090281
4.4,10.6,1.0,0.134143569705897
4.4,10.8,1.0,0.132242203885846
4.4,11.0,1.0,0.133757239275675
4.4,11.2,1.0,0.140217513631459
4.4,11.4,1.0,0.15465570211048
4.4,11.6,1.0,0.182888515061058
4.4,11.8,1.0,0.235505372076319
4.4,12.0,1.0,0.328407013233113
4.4,12.2,1.0,0.472096029831861
4.6,6.6,1.0,0.49463131664268
4.6,6.8,1.0,0.337300806184606
4.6,7.0,1.0,0.215307787132541
4.6,7.2,1.0,0.1333510977829
4.6,7.4,1.0,0.0822809493855946
4.6,7.6,1.0,0.0512265018031282
4.6,7.8,1.0,0.032259356456905
4.6,8.0,1.0,0.0205275523263765
4.6,8.2,1.0,0.0132749907760306
4.6,8.4,1.0,0.0089855659015972
4.6,8.6,1.0,0.00689936849554591
4.6,8.8,1.0,0.0070473734599156
4.6,9.0,1.0,0.0115595421003892
4.6,9.2,1.0,0.0288826363114553
4.6,9.4,1.0,0.0693960884427139
4.6,9.6,1.0,0.113624688285355
4.6,9.8,1.0,0.13546083118928
4.6,10.0,1.0,0.138602989611718
4.6,10.2,1.0,0.134264592915931
4.6,10.4,1.0,0.12848616825578
4.6,10.6,1.0,0.123419767610653
4.6,10.8,1.0,0.119661745121102
4.6,11.0,1.0,0.117388433192456
4.6,11.2,1.0,0.11681825780739
4.6,11.4,1.0,0.118454189866289
4.6,11.6,1.0,0.123340704397801
4.6,11.8,1.0,0.133511136598568
4.6,12.0,1.0,0.152872762975443
4.6,12.2,1.0,0.188896441509035
4.6,12.4,1.0,0.255022787408783
4.6,12.6,1.0,0.369684908579613
4.8,6.4,1.0,0.434416494492289
4.8,6.6,1.0,0.290761783761866
4.8,6.8,1.0,0.185980763865378
4.8,7.0,1.0,0.117914688920306
4.8,7.2,1.0,0.0760028049433523
4.8,7.4,1.0,0.0504397240868983
4.8,7.6,1.0,0.0345678139912998
4.8,7.8,1.0,0.0243719771532334
4.8,8.0,1.0,0.0175372454393492
4.8,8.2,1.0,0.012755624478263
4.8,8.4,1.0,0.0093119838368721
4.8,8.6,1.0,0.00685035536613333
4.8,8.8,1.0,0.00524293994193246
4.8,9.0,1.0,0.00456159453830992
4.8,9.2,1.0,0.00534956595687449
4.8,9.4,1.0,0.0100776626600706
4.8,9.6,1.0,0.0271088573689973
4.8,9.8,1.0,0.0641509983617919
4.8,10.0,1.0,0.101490944150414
4.8,10.2,1.0,0.119305330595644
4.8,10.4,1.0,0.122363046110698
4.8,10.6,1.0,0.119717375853862
4.8,10.8,1.0,0.115985178600187
4.8,11.0,1.0,0.112782861515581
4.8,11.2,1.0,0.110558390223981
4.8,11.4,1.0,0.109451177769526
4.8,11.6,1.0,0.109639550274262
4.8,11.8,1.0,0.111523101469969
4.8,12.0,1.0,0.115915662139885
4.8,12.2,1.0,0.124382188294713
4.8,12.4,1.0,0.139920332384678
4.8,12.6,1.0,0.168367892459528
4.8,12.8,1.0,0.221039172116885
4.8,13.0,1.0,0.317475294128542
4.8,13.2,1.0,0.477299088490261
5.0,6.2,1.0,0.37794469240543
5.0,6.4,1.0,0.248272670443388
5.0,6.6,1.0,0.158196410845897
5.0,6.8,1.0,0.101189733124102
5.0,7.0,1.0,0.0664538857605406
5.0,7.2,1.0,0.0453208284275235
5.0,7.4,1.0,0.0322082181861103
5.0,7.6,1.0,0.0238112039437311
5.0,7.8,1.0,0.0182203448073296
5.0,8.0,1.0,0.0143264842662314
5.0,8.2,1.0,0.0114732474070362
5.0,8.4,1.0,0.00926676332075386
5.0,8.6,1.0,0.00747746333411832
5.0,8.8,1.0,0.00599445739666403
5.0,9.0,1.0,0.00480730633754241
5.0,9.2,1.0,0.00400369945678975
5.0,9.4,1.0,0.00382214276388286
5.0,9.6,1.0,0.00500786200697366
5.0,9.8,1.0,0.0104988839896927
5.0,10.0,1.0,0.0291871188174301
5.0,10.2,1.0,0.0658458345740301
5.0,10.4,1.0,0.0988706867345739
5.0,10.6,1.0,0.113308556992382
5.0,10.8,1.0,0.115449702915591
5.0,11.0,1.0,0.11322168120341
5.0,11.2,1.0,0.110363347909397
5.0,11.4,1.0,0.108132157784179
5.0,11.6,1.0,0.106873455008493
5.0,11.8,1.0,0.10672192191366
5.0,12.0,1.0,0.107886311618982
5.0,12.2,1.0,0.110810759186706
5.0,12.4,1.0,0.116363088458548
5.0,12.6,1.0,0.126177178175472
5.0,12.8,1.0,0.143359177917108
5.0,13.0,1.0,0.173982009790319
5.0,13.2,1.0,0.230026559079846
5.0,13.4,1.0,0.332994441042036
5.2,5.8,1.0,0.479968108781304
5.2,6.0,1.0,0.32919544817795
5.2,6.2,1.0,0.213255821658313
5.2,6.4,1.0,0.135597052199224
5.2,6.6,1.0,0.0872991564996035
5.2,6.8,1.0,0.0580226940677411
5.2,7.0,1.0,0.0401918251453633
5.2,7.2,1.0,0.0290955218732495
5.2,7.4,1.0,0.0219810365635156
5.2,7.6,1.0,0.017263580306655
5.2,7.8,1.0,0.0140218808862489
5.2,8.0,1.0,0.0117074808197641
5.2,8.2,1.0,0.00998276824782018
5.2,8.4,1.0,0.00863142052365583
5.2,8.6,1.0,0.00750953302643113
5.2,8.8,1.0,0.00652116703599588
5.2,9.0,1.0,0.00561075702928565
5.2,9.2,1.0,0.00476853346515467
5.2,9.4,1.0,0.00404525428327945
5.2,9.6,1.0,0.00357805411973355
5.2,9.8,1.0,0.00368082187483269
5.2,10.0,1.0,0.00530935503329337
5.2,10.2,1.0,0.0121213152029993
5.2,10.4,1.0,0.0337956803439642
5.2,10.6,1.0,0.0713263443547324
5.2,10.8,1.0,0.100970303139206
5.2,11.0,1.0,0.11238382629993
5.2,11.2,1.0,0.113371427231472
5.2,11.4,1.0,0.111145742083203
5.2,11.6,1.0,0.108843710970298
5.2,11.8,1.0,0.107492015164932
5.2,12.0,1.0,0.107418884726962
5.2,12.2,1.0,0.108864596649904
5.2,12.4,1.0,0.112251550924569
5.2,12.6,1.0,0.118384812101196
5.2,12.8,1.0,0.128740186059362
5.2,13.0,1.0,0.146005809704097
5.2,13.2,1.0,0.175148986060958
5.2,13.4,1.0,0.225382775752984
5.2,13.6,1.0,0.312668996486688
5.2,13.8,1.0,0.456897863002831
5.4,5.6,1.0,0.429538734715286
5.4,5.8,1.0,0.288787427004497
5.4,6.0,1.0,0.185414497636217
5.4,6.2,1.0,0.117956987976739
5.4,6.4,1.0,0.0764555609747453
5.4,6.6,1.0,0.051335886874608
5.4,6.8,1.0,0.035985887788409
5.4,7.0,1.0,0.0263847826209958
5.4,7.2,1.0,0.0201995911100798
5.4,7.4,1.0,0.0160876756403911
5.4,7.6,1.0,0.0132671984381587
5.4,7.8,1.0,0.011272495177744
5.4,8.0,1.0,0.00981797184101282
5.4,8.2,1.0,0.00872217704675664
5.4,8.4,1.0,0.00786474415584706
5.4,8.6,1.0,0.00716145594819286
5.4,8.8,1.0,0.00654974821038665
5.4,9.0,1.0,0.00598107473177212
5.4,9.2,1.0,0.00541923590650637
5.4,9.4,1.0,0.00484561593641797
5.4,9.6,1.0,0.00427292620364146
5.4,9.8,1.0,0.00376854437510674
5.4,10.0,1.0,0.00349569553857017
5.4,10.2,1.0,0.00384534871764155
5.4,10.4,1.0,0.00606595124740811
5.4,10.6,1.0,0.0148371931824483
5.4,10.8,1.0,0.040558849741169
5.4,11.0,1.0,0.0793198357949527
5.4,11.2,1.0,0.10588012651921
5.4,11.4,1.0,0.114594889579137
5.4,11.6,1.0,0.11458368485972
5.4,11.8,1.0,0.112529659389474
5.4,12.0,1.0,0.111169191443438
5.4,12.2,1.0,0.111467429561113
5.4,12.4,1.0,0.11394120850955
5.4,12.6,1.0,0.119255764266714
5.4,12.8,1.0,0.128581838200009
5.4,13.0,1.0,0.143998507973736
5.4,13.2,1.0,0.169131624016461
5.4,13.4,1.0,0.210139295806546
5.4,13.6,1.0,0.276693685578452
5.4,13.8,1.0,0.380711791307868
5.6,5.4,1.0,0.386476786160787
5.6,5.6,1.0,0.256076888736834
5.6,5.8,1.0,0.163599435608794
5.6,6.0,1.0,0.104340075978588
5.6,6.2,1.0,0.0681081287774769
5.6,6.4,1.0,0.0461602747894019
5.6,6.6,1.0,0.0326907903732689
5.6,6.8,1.0,0.0242185314347827
5.6,7.0,1.0,0.0187299197812645
5.6,7.2,1.0,0.015064031808532
5.6,7.4,1.0,0.0125423507882148
5.6,7.6,1.0,0.010759335307218
5.6,7.8,1.0,0.00946598158177773
5.6,8.0,1.0,0.00850478673066401
5.6,8.2,1.0,0.00777281049561
5.6,8.4,1.0,0.0072001683533742
5.6,8.6,1.0,0.00673710108396263
5.6,8.8,1.0,0.00634590129744585
5.6,9.0,1.0,0.00599572472462679
5.6,9.2,1.0,0.00565941989656065
5.6,9.4,1.0,0.00531243907023279
5.6,9.6,1.0,0.00493493681479304
5.6,9.8,1.0,0.00451933478261523
5.6,10.0,1.0,0.00408647370083955
5.6,10.2,1.0,0.00371432114811508
5.6,10.4,1.0,0.00359497515866087
5.6,10.6,1.0,0.00422341170149651
5.6,10.8,1.0,0.00726954562886217
5.6,11.0,1.0,0.018791475760305
5.6,11.2,1.0,0.0495124007740086
5.6,11.4,1.0,0.0895030686724933
5.6,11.6,1.0,0.113259465725321
5.6,11.8,1.0,0.119901234840537
5.6,12.0,1.0,0.119625572015083
5.6,12.2,1.0,0.118768228544362
5.6,12.4,1.0,0.119962459702911
5.6,12.6,1.0,0.124507855260791
5.6,12.8,1.0,0.133724476716249
5.6,13.0,1.0,0.149722656328069
5.6,13.2,1.0,0.176098474764742
5.6,13.4,1.0,0.218698726869185
5.6,13.6,1.0,0.28586692651231
5.6,13.8,1.0,0.385865879179607
5.8,5.2,1.0,0.350705584666458
5.8,5.4,1.0,0.230006307843317
5.8,5.6,1.0,0.146624093344333
5.8,5.8,1.0,0.0938540433759774
5.8,6.0,1.0,0.0616920374275692
5.8,6.2,1.0,0.0421697217454976
5.8,6.4,1.0,0.030134283795984
5.8,6.6,1.0,0.0225228971064255
5.8,6.8,1.0,0.0175654027483468
5.8,7.0,1.0,0.0142383652137809
5.8,7.2,1.0,0.0119410495076746
5.8,7.4,1.0,0.0103127566365
5.8,7.6,1.0,0.00913116242718515
5.8,7.8,1.0,0.00825539126595652
5.8,8.0,1.0,0.00759361957166136
5.8,8.2,1.0,0.0070842267040731
5.8,8.4,1.0,0.00668453027189672
5.8,8.6,1.0,0.00636383034950047
5.8,8.8,1.0,0.00609892944399587
5.8,9.0,1.0,0.00587108356243954
5.8,9.2,1.0,0.00566379732116474
5.8,9.4,1.0,0.0054611973562609
5.8,9.6,1.0,0.00524705588527315
5.8,9.8,1.0,0.00500505225728346
5.8,10.0,1.0,0.00472172384460863
5.8,10.2,1.0,0.00439482171219029
5.8,10.4,1.0,0.00405125945916468
5.8,10.6,1.0,0.00378170220923469
5.8,10.8,1.0,0.00381802659365588
5.8,11.0,1.0,0.00480428348907357
5.8,11.2,1.0,0.00902397413733417
5.8,11.4,1.0,0.0243585016634454
5.8,11.6,1.0,0.0611623676655285
5.8,11.8,1.0,0.102638487744933
5.8,12.0,1.0,0.124522568476289
5.8,12.2,1.0,0.13063795812744
5.8,12.4,1.0,0.132187805622435
5.8,12.6,1.0,0.135617520616501
5.8,12.8,1.0,0.144227008413989
5.8,13.0,1.0,0.160857066143842
5.8,13.2,1.0,0.189531387486587
5.8,13.4,1.0,0.236440415953066
5.8,13.6,1.0,0.309693968712814
5.8,13.8,1.0,0.41530311297065
6.0,4.8,1.0,0.466782070613498
6.0,5.0,1.0,0.321742585994924
6.0,5.2,1.0,0.20949479884655
6.0,5.4,1.0,0.133480722123149
6.0,5.6,1.0,0.0857864020505324
6.0,5.8,1.0,0.0567579347951201
6.0,6.0,1.0,0.0390926335120434
6.0,6.2,1.0,0.0281545125627782
6.0,6.4,1.0,0.0212029472974079
6.0,6.6,1.0,0.0166533829895075
6.0,6.8,1.0,0.013586882341882
6.0,7.0,1.0,0.0114617778413081
6.0,7.2,1.0,0.00995136207408557
6.0,7.4,1.0,0.00885339097270021
6.0,7.6,1.0,0.00803925168187498
6.0,7.8,1.0,0.00742494111764631
6.0,8.0,1.0,0.0069541440179769
6.0,8.2,1.0,0.00658812747574925
6.0,8.4,1.0,0.00629954524467469
6.0,8.6,1.0,0.00606852329644316
6.0,8.8,1.0,0.0058800924457125
6.0,9.0,1.0,0.00572241620497562
6.0,9.2,1.0,0.00558547708478765
6.0,9.4,1.0,0.00546001343391572
6.0,9.6,1.0,0.00533659606727218
6.0,9.8,1.0,0.00520485381519543
6.0,10.0,1.0,0.00505308070999396
6.0,10.2,1.0,0.00486891920389474
6.0,10.4,1.0,0.00464270504948684
6.0,10.6,1.0,0.00437655854738461
6.0,10.8,1.0,0.004104617963289
6.0,11.0,1.0,0.00393550048379373
6.0,11.2,1.0,0.00415889758702952
6.0,11.4,1.0,0.00564122952064546
6.0,11.6,1.0,0.011590160710842
6.0,11.8,1.0,0.0323764769567634
6.0,12.0,1.0,0.0771875143039057
6.0,12.2,1.0,0.121854579330113
6.0,12.4,1.0,0.144769586275135
6.0,12.6,1.0,0.154483534355034
6.0,12.8,1.0,0.163789170684921
6.0,13.0,1.0,0.180683439753076
6.0,13.2,1.0,0.211322723331696
6.0,13.4,1.0,0.262784112918755
6.0,13.6,1.0,0.342935047619007
6.0,13.8,1.0,0.455108594519256
6.2,4.6,1.0,0.440307397513496
6.2,4.8,1.0,0.299327360612792
6.2,5.0,1.0,0.193690032612023
6.2,5.2,1.0,0.123397219203299
6.2,5.4,1.0,0.0796033707506157
6.2,5.6,1.0,0.0529706468891801
6.2,5.8,1.0,0.0367238707598092
6.2,6.0,1.0,0.0266252075705927
6.2,6.2,1.0,0.0201796877573888
6.2,6.4,1.0,0.0159438296531217
6.2,6.6,1.0,0.0130781379238633
6.2,6.8,1.0,0.0110859146690663
6.2,7.0,1.0,0.00966636429781038
6.2,7.2,1.0,0.00863254083769647
6.2,7.4,1.0,0.00786512235392194
6.2,7.6,1.0,0.00728593291249603
6.2,7.8,1.0,0.00684245686728301
6.2,8.0,1.0,0.00649857194274164
6.2,8.2,1.0,0.00622886888222417
6.2,8.4,1.0,0.00601508144040986
6.2,8.6,1.0,0.0058437816292413
6.2,8.8,1.0,0.00570484464264313
6.2,9.0,1.0,0.00559038414570471
6.2,9.2,1.0,0.00549396997537992
6.2,9.4,1.0,0.00541000404081755
6.2,9.6,1.0,0.00533316823643638
6.2,9.8,1.0,0.00525788689297367
6.2,10.0,1.0,0.00517778562909852
6.2,10.2,1.0,0.00508521472819638
6.2,10.4,1.0,0.00497111249000815
6.2,10.6,1.0,0.00482595614382639
6.2,10.8,1.0,0.00464352777449248
6.2,11.0,1.0,0.0044310665533062
6.2,11.2,1.0,0.00423288463438048
6.2,11.4,1.0,0.00418460055770995
6.2,11.6,1.0,0.00466545928795233
6.2,11.8,1.0,0.00690005591509398
6.2,12.0,1.0,0.0156156875831067
6.2,12.2,1.0,0.0450507632707639
6.2,12.4,1.0,0.102812212639914
6.2,12.6,1.0,0.156794355368246
6.2,12.8,1.0,0.189152681563875
6.2,13.0,1.0,0.214115226705729
6.2,13.2,1.0,0.248290600677278
6.2,13.4,1.0,0.303803749910696
6.2,13.6,1.0,0.389223148591928
6.4,4.4,1.0,0.429374771093098
6.4,4.6,1.0,0.285125811898071
6.4,4.8,1.0,0.18244992998058
6.4,5.0,1.0,0.115929244550887
6.4,5.2,1.0,0.0749455958083175
6.4,5.4,1.0,0.0500927753460431
6.4,5.6,1.0,0.0349142841202635
6.4,5.8,1.0,0.0254525423497731
6.4,6.0,1.0,0.0193928465588964
6.4,6.2,1.0,0.0153970047727165
6.4,6.4,1.0,0.0126853411859731
6.4,6.6,1.0,0.0107952086164505
6.4,6.8,1.0,0.0094455057897013
6.4,7.0,1.0,0.00846094000762851
6.4,7.2,1.0,0.00772926674986264
6.4,7.4,1.0,0.00717673010638567
6.4,7.6,1.0,0.00675365889703136
6.4,7.8,1.0,0.00642582518893936
6.4,8.0,1.0,0.00616913752841824
6.4,8.2,1.0,0.0059663047851385
6.4,8.4,1.0,0.00580468912347486
6.4,8.6,1.0,0.00567489084450799
6.4,8.8,1.0,0.0055697913436142
6.4,9.0,1.0,0.00548388591115355
6.4,9.2,1.0,0.00541279940049782
6.4,9.4,1.0,0.0053529134298341
6.4,9.6,1.0,0.00530105418257234
6.4,9.8,1.0,0.00525420136881691
6.4,10.0,1.0,0.00520918663517893
6.4,10.2,1.0,0.00516236080991643
6.4,10.4,1.0,0.00510923873938711
6.4,10.6,1.0,0.00504421261076471
6.4,10.8,1.0,0.00496063773022044
6.4,11.0,1.0,0.00485210470938468
6.4,11.2,1.0,0.00471684562677997
6.4,11.4,1.0,0.00456962756654571
6.4,11.6,1.0,0.00447101931063901
6.4,11.8,1.0,0.00460197194087715
6.4,12.0,1.0,0.00549966859403183
6.4,12.2,1.0,0.00905868632146403
6.4,12.4,1.0,0.0229860904325104
6.4,12.6,1.0,0.0692393212498246
6.4,12.8,1.0,0.154574465097705
6.4,13.0,1.0,0.236090781800645
6.4,13.2,1.0,0.300210215531187
6.4,13.4,1.0,0.368163766873663
6.4,13.6,1.0,0.45759652499807
6.6,4.2,1.0,0.463626248979347
6.6,4.4,1.0,0.289398756558768
6.6,4.6,1.0,0.178282234667257
6.6,4.8,1.0,0.111442759434214
6.6,5.0,1.0,0.0717301483180769
6.6,5.2,1.0,0.0479979323279218
6.6,5.4,1.0,0.0335670106007926
6.6,5.6,1.0,0.0245705365124619
6.6,5.8,1.0,0.0187982462243002
6.6,6.0,1.0,0.0149829102181048
6.6,6.2,1.0,0.0123876434910288
6.6,6.4,1.0,0.0105748381024693
6.6,6.6,1.0,0.00927808070608118
6.6,6.8,1.0,0.00833083595189466
6.6,7.0,1.0,0.00762619870732147
6.6,7.2,1.0,0.00709375061823119
6.6,7.4,1.0,0.00668596182552109
6.6,7.6,1.0,0.00637001611645887
6.6,7.8,1.0,0.00612278090943264
6.6,8.0,1.0,0.00592764019054547
6.6,8.2,1.0,0.00577245509975072
6.6,8.4,1.0,0.00564822171360746
6.6,8.6,1.0,0.0055481687390834
6.6,8.8,1.0,0.00546713803394833
6.6,9.0,1.0,0.00540114986960019
6.6,9.2,1.0,0.00534709010151462
6.6,9.4,1.0,0.00530247764145657
6.6,9.6,1.0,0.00526528333669987
6.6,9.8,1.0,0.005233778729035
6.6,10.0,1.0,0.005206397160739
6.6,10.2,1.0,0.00518159195825376
6.6,10.4,1.0,0.00515767943409546
6.6,10.6,1.0,0.00513266388250245
6.6,10.8,1.0,0.00510407203957356
6.6,11.0,1.0,0.00506891200037368
6.6,11.2,1.0,0.00502410508223578
6.6,11.4,1.0,0.00496832841517443
6.6,11.6,1.0,0.00490764364313174
6.6,11.8,1.0,0.00487083268826816
6.6,12.0,1.0,0.00495023672424181
6.6,12.2,1.0,0.00542020678383579
6.6,12.4,1.0,0.00716554616557128
6.6,12.6,1.0,0.0136788236336982
6.6,12.8,1.0,0.0403124478396807
6.6,13.0,1.0,0.129020135820896
6.6,13.2,1.0,0.282582601254886
6.6,13.4,1.0,0.427136216912918
6.8,4.2,1.0,0.352240563622631
6.8,4.4,1.0,0.194616559968705
6.8,4.6,1.0,0.113426951442998
6.8,4.8,1.0,0.0707447260729662
6.8,5.0,1.0,0.046818649883689
6.8,5.2,1.0,0.0326722841586552
6.8,5.4,1.0,0.0239477469667994
6.8,5.6,1.0,0.0183680165778871
6.8,5.8,1.0,0.014680475454686
6.8,6.0,1.0,0.0121696093913194
6.8,6.2,1.0,0.0104134493702391
6.8,6.4,1.0,0.00915561887654756
6.8,6.6,1.0,0.00823582160702198
6.8,6.8,1.0,0.00755103525763516
6.8,7.0,1.0,0.00703329295281043
6.8,7.2,1.0,0.00663664372957617
6.8,7.4,1.0,0.00632931111384448
6.8,7.6,1.0,0.0060888634591032
6.8,7.8,1.0,0.00589916929430691
6.8,8.0,1.0,0.00574843448664873
6.8,8.2,1.0,0.00562790952052107
6.8,8.4,1.0,0.00553102080545592
6.8,8.6,1.0,0.00545277592823802
6.8,8.8,1.0,0.00538934953073843
6.8,9.0,1.0,0.00533779072403333
6.8,9.2,1.0,0.00529581399371384
6.8,9.4,1.0,0.00526164874683464
6.8,9.6,1.0,0.00523393109925183
6.8,9.8,1.0,0.00521162704477463
6.8,10.0,1.0,0.00519397991843338
6.8,10.2,1.0,0.00518047783815696
6.8,10.4,1.0,0.0051708392915058
6.8,10.6,1.0,0.00516501831119286
6.8,10.8,1.0,0.0051632371817227
6.8,11.0,1.0,0.005166070563271
6.8,11.2,1.0,0.00517464677940781
6.8,11.4,1.0,0.00519114367288807
6.8,11.6,1.0,0.0052200555580179
6.8,11.8,1.0,0.00527151585732192
6.8,12.0,1.0,0.00537019800229358
6.8,12.2,1.0,0.0055799145674429
6.8,12.4,1.0,0.00607619878582464
6.8,12.6,1.0,0.00739123104879988
6.8,12.8,1.0,0.0114427281547855
6.8,13.0,1.0,0.0269272198120881
6.8,13.2,1.0,0.0949691366082808
6.8,13.4,1.0,0.30248761605986
7.0,4.2,1.0,0.278679773529871
7.0,4.4,1.0,0.138340174745997
7.0,4.6,1.0,0.0764642638502702
7.0,4.8,1.0,0.0477017716242322
7.0,5.0,1.0,0.0325115100511312
7.0,5.2,1.0,0.0236431739875586
7.0,5.4,1.0,0.0181057690410353
7.0,5.6,1.0,0.0144813723539143
7.0,5.8,1.0,0.0120219297241634
7.0,6.0,1.0,0.0103031383866738
7.0,6.2,1.0,0.00907182693443064
7.0,6.4,1.0,0.00817094892927112
7.0,6.6,1.0,0.00749987548475557
7.0,6.8,1.0,0.00699226657333617
7.0,7.0,1.0,0.00660325592693655
7.0,7.2,1.0,0.00630179254164115
7.0,7.4,1.0,0.00606593604163353
7.0,7.6,1.0,0.00587989314664962
7.0,7.8,1.0,0.00573210686615194
7.0,8.0,1.0,0.00561399736992168
7.0,8.2,1.0,0.00551911536937364
7.0,8.4,1.0,0.00544256230970814
7.0,8.6,1.0,0.00538058686772409
7.0,8.8,1.0,0.00533030056425518
7.0,9.0,1.0,0.005289475866919
7.0,9.2,1.0,0.00525640318826026
7.0,9.4,1.0,0.00522979172378819
7.0,9.6,1.0,0.00520870496326078
7.0,9.8,1.0,0.00519252611230703
7.0,10.0,1.0,0.00518095238490908
7.0,10.2,1.0,0.0051740208177436
7.0,10.4,1.0,0.0051721725693018
7.0,10.6,1.0,0.00517636845447898
7.0,10.8,1.0,0.00518827711052327
7.0,11.0,1.0,0.00521057129541659
7.0,11.2,1.0,0.00524739285812651
7.0,11.4,1.0,0.00530509544357173
7.0,11.6,1.0,0.00539347701560904
7.0,11.8,1.0,0.0055279539381362
7.0,12.0,1.0,0.00573373803854966
7.0,12.2,1.0,0.00605477349491294
7.0,12.4,1.0,0.0065753692643337
7.0,12.6,1.0,0.00748009246044736
7.0,12.8,1.0,0.00924633341166742
7.0,13.0,1.0,0.0133859067000185
7.0,13.2,1.0,0.0259988423523315
7.0,13.4,1.0,0.07760412686763
7.0,13.6,1.0,0.286952050367324
7.2,4.0,1.0,0.451085613595662
7.2,4.2,1.0,0.234306604473834
7.2,4.4,1.0,0.108332656256001
7.2,4.6,1.0,0.0563047463119769
7.2,4.8,1.0,0.034643061868226
7.2,5.0,1.0,0.0240877295073904
7.2,5.2,1.0,0.0181293671902605
7.2,5.4,1.0,0.0144149303278662
7.2,5.6,1.0,0.0119489552130119
7.2,5.8,1.0,0.0102416527078859
7.2,6.0,1.0,0.00902316178143173
7.2,6.2,1.0,0.0081328431429087
7.2,6.4,1.0,0.00746983629330186
7.2,6.6,1.0,0.00696828460064449
7.2,6.8,1.0,0.00658383862090775
7.2,7.0,1.0,0.00628585566561055
7.2,7.2,1.0,0.0060526921661955
7.2,7.4,1.0,0.00586876512733476
7.2,7.6,1.0,0.00572266584834266
7.2,7.8,1.0,0.00560591938246241
7.2,8.0,1.0,0.00551215091716776
7.2,8.2,1.0,0.00543651477072802
7.2,8.4,1.0,0.00537529674312148
7.2,8.6,1.0,0.00532563352303759
7.2,8.8,1.0,0.00528531311531133
7.2,9.0,1.0,0.00525263306020596
7.2,9.2,1.0,0.00522630160076678
7.2,9.4,1.0,0.00520537273718611
7.2,9.6,1.0,0.00518921043921986
7.2,9.8,1.0,0.00517748096571102
7.2,10.0,1.0,0.00517017590488682
7.2,10.2,1.0,0.00516767283729008
7.2,10.4,1.0,0.00517084622476402
7.2,10.6,1.0,0.00518124940621571
7.2,10.8,1.0,0.00520140135015036
7.2,11.0,1.0,0.00523523248483169
7.2,11.2,1.0,0.00528877892842394
7.2,11.4,1.0,0.00537127650733672
7.2,11.6,1.0,0.00549692147107362
7.2,11.8,1.0,0.00568779102023439
7.2,12.0,1.0,0.00597888429146894
7.2,12.2,1.0,0.00642727127155119
7.2,12.4,1.0,0.00712976769627259
7.2,12.6,1.0,0.00825990896489096
7.2,12.8,1.0,0.0101539683599605
7.2,13.0,1.0,0.0135424226869182
7.2,13.2,1.0,0.0203022401638506
7.2,13.4,1.0,0.0364809389874326
7.2,13.6,1.0,0.0867149251121469
7.2,13.8,1.0,0.269433246541487
7.4,4.0,1.0,0.379563585711558
7.4,4.2,1.0,0.205870598925243
7.4,4.4,1.0,0.0946987506066286
7.4,4.6,1.0,0.0463203140109764
7.4,4.8,1.0,0.0274184644265639
7.4,5.0,1.0,0.0190707410405356
7.4,5.2,1.0,0.0146713981620891
7.4,5.4,1.0,0.0120078171478874
7.4,5.6,1.0,0.0102450669021676
7.4,5.8,1.0,0.00901296251862157
7.4,6.0,1.0,0.00812102443168392
7.4,6.2,1.0,0.00745945055108055
7.4,6.4,1.0,0.00695977451968193
7.4,6.6,1.0,0.00657696575972866
7.4,6.8,1.0,0.00628027219852447
7.4,7.0,1.0,0.00604809320250764
7.4,7.2,1.0,0.00586491485230838
7.4,7.4,1.0,0.00571938928062434
7.4,7.6,1.0,0.00560308764350413
7.4,7.8,1.0,0.00550966765320263
7.4,8.0,1.0,0.00543430511105655
7.4,8.2,1.0,0.00537329838422314
7.4,8.4,1.0,0.00532378909718667
7.4,8.6,1.0,0.00528356292661132
7.4,8.8,1.0,0.00525090722207329
7.4,9.0,1.0,0.00522451047303243
7.4,9.2,1.0,0.00520339428165525
7.4,9.4,1.0,0.00518687263431531
7.4,9.6,1.0,0.00517453666340499
7.4,9.8,1.0,0.00516626634975227
7.4,10.0,1.0,0.00516227429454689
7.4,10.2,1.0,0.00516319144775321
7.4,10.4,1.0,0.00517021144845006
7.4,10.6,1.0,0.00518532049483951
7.4,10.8,1.0,0.0052116559767934
7.4,11.0,1.0,0.00525406414655066
7.4,11.2,1.0,0.00531997381467116
7.4,11.4,1.0,0.00542078720962233
7.4,11.6,1.0,0.00557414720766186
7.4,11.8,1.0,0.00580774901058301
7.4,12.0,1.0,0.00616598950598365
7.4,12.2,1.0,0.00672205037743893
7.4,12.4,1.0,0.00760078522360534
7.4,12.6,1.0,0.00902375699107856
7.4,12.8,1.0,0.0114006496735992
7.4,13.0,1.0,0.0155190150454572
7.4,13.2,1.0,0.0229477493447294
7.4,13.4,1.0,0.0369573757913326
7.4,13.6,1.0,0.0650589062640755
7.4,13.8,1.0,0.12785009555096
7.4,14.0,1.0,0.286055166742059
7.6,3.8,1.0,0.450814578593585
7.6,4.0,1.0,0.310333938413286
7.6,4.2,1.0,0.182908926079318
7.6,4.4,1.0,0.0903307727262554
7.6,4.6,1.0,0.0429880842091527
7.6,4.8,1.0,0.0239421951819922
7.6,5.0,1.0,0.0161906235555734
7.6,5.2,1.0,0.0124969318975702
7.6,5.4,1.0,0.0104097651204212
7.6,5.6,1.0,0.00907229970483027
7.6,5.8,1.0,0.00814502861002027
7.6,6.0,1.0,0.00747110905694947
7.6,6.2,1.0,0.00696680451319112
7.6,6.4,1.0,0.00658201425496992
7.6,6.6,1.0,0.00628427541803531
7.6,6.8,1.0,0.0060514048195324
7.6,7.0,1.0,0.00586768948983504
7.6,7.2,1.0,0.00572171299315767
7.6,7.4,1.0,0.00560502147063347
7.6,7.6,1.0,0.00551126118582599
7.6,7.8,1.0,0.00543559970576446
7.6,8.0,1.0,0.00537432670091342
7.6,8.2,1.0,0.00532457305279878
7.6,8.4,1.0,0.00528411047498558
7.6,8.6,1.0,0.00525120766692583
7.6,8.8,1.0,0.00522452760294201
7.6,9.0,1.0,0.00520305620742618
7.6,9.2,1.0,0.00518605666841684
7.6,9.4,1.0,0.00517304679108692
7.6,9.6,1.0,0.00516379965639012
7.6,9.8,1.0,0.00515837091796877
7.6,10.0,1.0,0.00515715987532942
7.6,10.2,1.0,0.00516101671142595
7.6,10.4,1.0,0.00517141605897348
7.6,10.6,1.0,0.00519072916577941
7.6,10.8,1.0,0.005222646570151
7.6,11.0,1.0,0.00527283635822283
7.6,11.2,1.0,0.00534998141287333
7.6,11.4,1.0,0.00546744611295844
7.6,11.6,1.0,0.00564602766669673
7.6,11.8,1.0,0.00591865403371552
7.6,12.0,1.0,0.00633872553848476
7.6,12.2,1.0,0.00699555487716729
7.6,12.4,1.0,0.00804410401447228
7.6,12.6,1.0,0.00976410415479152
7.6,12.8,1.0,0.0126793132446379
7.6,13.0,1.0,0.0177936834151313
7.6,13.2,1.0,0.027022474303462
7.6,13.4,1.0,0.0438298842799267
7.6,13.6,1.0,0.0737699248924939
7.6,13.8,1.0,0.124394869705876
7.6,14.0,1.0,0.206123800405821
7.6,14.2,1.0,0.340711187278476
7.8,3.6,1.0,0.472669047959048
7.8,3.8,1.0,0.351974059969843
7.8,4.0,1.0,0.248827894738966
7.8,4.2,1.0,0.160771358197626
7.8,4.4,1.0,0.0896367512389198
7.8,4.6,1.0,0.0443378687382224
7.8,4.8,1.0,0.0233010630120175
7.8,5.0,1.0,0.0148500879803078
7.8,5.2,1.0,0.0112090531102333
7.8,5.4,1.0,0.00936018807398879
7.8,5.6,1.0,0.00825896645445343
7.8,5.8,1.0,0.0075231735403643
7.8,6.0,1.0,0.00699537260050491
7.8,6.2,1.0,0.00660068545198445
7.8,6.4,1.0,0.0062980939308079
7.8,6.6,1.0,0.00606237919639738
7.8,6.8,1.0,0.00587671522668419
7.8,7.0,1.0,0.00572925745142923
7.8,7.2,1.0,0.00561137383040539
7.8,7.4,1.0,0.00551662639414045
7.8,7.6,1.0,0.00544013517208601
7.8,7.8,1.0,0.005378157250054
7.8,8.0,1.0,0.00532779703064471
7.8,8.2,1.0,0.0052868016337774
7.8,8.4,1.0,0.00525341431055198
7.8,8.6,1.0,0.00522626914625475
7.8,8.8,1.0,0.00520431657942786
7.8,9.0,1.0,0.00518677338550728
7.8,9.2,1.0,0.00517309381045999
7.8,9.4,1.0,0.00516296112064602
7.8,9.6,1.0,0.0051563014262303
7.8,9.8,1.0,0.00515332468398591
7.8,10.0,1.0,0.00515460183515944
7.8,10.2,1.0,0.00516119286894497
7.8,10.4,1.0,0.00517484947785363
7.8,10.6,1.0,0.00519833004679855
7.8,10.8,1.0,0.00523588790963609
7.8,11.0,1.0,0.00529403355148881
7.8,11.2,1.0,0.00538274242357226
7.8,11.4,1.0,0.00551741230595854
7.8,11.6,1.0,0.00572213091093862
7.8,11.8,1.0,0.00603533179251101
7.8,12.0,1.0,0.00651999248578155
7.8,12.2,1.0,0.00728281744573211
7.8,12.4,1.0,0.00851175717362374
7.8,12.6,1.0,0.0105515378954055
7.8,12.8,1.0,0.0140568687485028
7.8,13.0,1.0,0.0202926981903476
7.8,13.2,1.0,0.0316547637663887
7.8,13.4,1.0,0.0522984537291112
7.8,13.6,1.0,0.0880634482640141
7.8,13.8,1.0,0.144020545982575
7.8,14.0,1.0,0.219929028008065
7.8,14.2,1.0,0.310130010869659
7.8,14.4,1.0,0.414064115707488
8.0,3.4,1.0,0.499929561400656
8.0,3.6,1.0,0.367835827815821
8.0,3.8,1.0,0.271971969532158
8.0,4.0,1.0,0.198707455171433
8.0,4.2,1.0,0.139438723506769
8.0,4.4,1.0,0.0885849684674773
8.0,4.6,1.0,0.0486243080431497
8.0,4.8,1.0,0.0252059850143449
8.0,5.0,1.0,0.0148734261871673
8.0,5.2,1.0,0.0106416868409141
8.0,5.4,1.0,0.00872686995945819
8.0,5.6,1.0,0.00770806392298421
8.0,5.8,1.0,0.00707811630888765
8.0,6.0,1.0,0.00664447074230876
8.0,6.2,1.0,0.00632566033783278
8.0,6.4,1.0,0.00608223779304827
8.0,6.6,1.0,0.00589225039322264
8.0,6.8,1.0,0.00574195199926514
8.0,7.0,1.0,0.00562197489153969
8.0,7.2,1.0,0.00552557629832876
8.0,7.4,1.0,0.00544773523277029
8.0,7.6,1.0,0.00538463249665887
8.0,7.8,1.0,0.00533332309881645
8.0,8.0,1.0,0.00529151635894743
8.0,8.2,1.0,0.00525742231886097
8.0,8.4,1.0,0.00522964232272078
8.0,8.6,1.0,0.00520709107759232
8.0,8.8,1.0,0.00518894273833325
8.0,9.0,1.0,0.00517459689607994
8.0,9.2,1.0,0.00516366286157057
8.0,9.4,1.0,0.00515596292062073
8.0,9.6,1.0,0.00515155773956154
8.0,9.8,1.0,0.0051508002613758
8.0,10.0,1.0,0.00515442884397333
8.0,10.2,1.0,0.00516371693819807
8.0,10.4,1.0,0.00518070675319347
8.0,10.6,1.0,0.00520857068973056
8.0,10.8,1.0,0.00525217159432659
8.0,11.0,1.0,0.00531894025457213
8.0,11.2,1.0,0.00542027432575368
8.0,11.4,1.0,0.00557382487193024
8.0,11.6,1.0,0.00580735523701861
8.0,11.8,1.0,0.00616550633718648
8.0,12.0,1.0,0.00672216625095787
8.0,12.2,1.0,0.00760406401175033
8.0,12.4,1.0,0.00903748808908447
8.0,12.6,1.0,0.0114431215052307
8.0,12.8,1.0,0.0156284216004621
8.0,13.0,1.0,0.0231582704268409
8.0,13.2,1.0,0.036961483985645
8.0,13.4,1.0,0.0619183183314986
8.0,13.6,1.0,0.104227656522358
8.0,13.8,1.0,0.167651638559867
8.0,14.0,1.0,0.247993483010362
8.0,14.2,1.0,0.333228590835209
8.0,14.4,1.0,0.412193770358192
8.0,14.6,1.0,0.483521572413989
8.2,3.4,1.0,0.412318991985176
8.2,3.6,1.0,0.286073031098348
8.2,3.8,1.0,0.212009695775758
8.2,4.0,1.0,0.160323071226841
8.2,4.2,1.0,0.120356416846464
8.2,4.4,1.0,0.0855226803115521
8.2,4.6,1.0,0.0536694402400621
8.2,4.8,1.0,0.0294532903573122
8.2,5.0,1.0,0.0163824721822826
8.2,5.2,1.0,0.0108049034381545
8.2,5.4,1.0,0.00846977167436657
8.2,5.6,1.0,0.007373284030176
8.2,5.8,1.0,0.00677037661016969
8.2,6.0,1.0,0.00638763972587802
8.2,6.2,1.0,0.00611845783321341
8.2,6.4,1.0,0.00591695082526609
8.2,6.6,1.0,0.00576068532070732
8.2,6.8,1.0,0.00563706970407628
8.2,7.0,1.0,0.0055381275296578
8.2,7.2,1.0,0.00545834151543467
8.2,7.4,1.0,0.00539367511561737
8.2,7.6,1.0,0.00534107458603743
8.2,7.8,1.0,0.00529818441498448
8.2,8.0,1.0,0.00526316818075122
8.2,8.2,1.0,0.0052345880711271
8.2,8.4,1.0,0.00521132106791875
8.2,8.6,1.0,0.00519250063774586
8.2,8.8,1.0,0.00517747810701129
8.2,9.0,1.0,0.00516580102719058
8.2,9.2,1.0,0.00515720814775698
8.2,9.4,1.0,0.00515164280395857
8.2,9.6,1.0,0.00514928907350261
8.2,9.8,1.0,0.00515063844569109
8.2,10.0,1.0,0.00515659963342032
8.2,10.2,1.0,0.00516867156553007
8.2,10.4,1.0,0.00518921125393722
8.2,10.6,1.0,0.00522184722676584
8.2,10.8,1.0,0.00527212133548668
8.2,11.0,1.0,0.00534849824655659
8.2,11.2,1.0,0.00546398558437877
8.2,11.4,1.0,0.00563880597835595
8.2,11.6,1.0,0.0059049567869108
8.2,11.8,1.0,0.00631430586332326
8.2,12.0,1.0,0.0069535921060928
8.2,12.2,1.0,0.00797340208799574
8.2,12.4,1.0,0.00964613296200382
8.2,12.6,1.0,0.0124842108988943
8.2,12.8,1.0,0.0174784519837309
8.2,13.0,1.0,0.0265444023714817
8.2,13.2,1.0,0.0431932600516235
8.2,13.4,1.0,0.0729658562501682
8.2,13.6,1.0,0.122050715516153
8.2,13.8,1.0,0.192459665132234
8.2,14.0,1.0,0.27698742053241
8.2,14.2,1.0,0.361705701157917
8.2,14.4,1.0,0.434922454032466
8.2,14.6,1.0,0.492577574409949
8.4,3.4,1.0,0.360519491553486
8.4,3.6,1.0,0.228103325482493
8.4,3.8,1.0,0.16907969308643
8.4,4.0,1.0,0.131956884033319
8.4,4.2,1.0,0.104436790549342
8.4,4.4,1.0,0.0808002858596086
8.4,4.6,1.0,0.0574617101498881
8.4,4.8,1.0,0.0352891153738908
8.4,5.0,1.0,0.0196397202421758
8.4,5.2,1.0,0.0118779190660829
8.4,5.4,1.0,0.00863596509889972
8.4,5.6,1.0,0.00725151262997598
8.4,5.8,1.0,0.00658360154270682
8.4,6.0,1.0,0.00620763259049509
8.4,6.2,1.0,0.00596433509195833
8.4,6.4,1.0,0.0057904555648917
8.4,6.6,1.0,0.00565849322379098
8.4,6.8,1.0,0.00555493810255696
8.4,7.0,1.0,0.0054721756258858
8.4,7.2,1.0,0.00540534737693156
8.4,7.4,1.0,0.00535105803707911
8.4,7.6,1.0,0.00530679485772189
8.4,7.8,1.0,0.00527063672065316
8.4,8.0,1.0,0.00524109029094856
8.4,8.2,1.0,0.00521698829591797
8.4,8.4,1.0,0.00519742257730219
8.4,8.6,1.0,0.00518169977926298
8.4,8.8,1.0,0.00516931425539345
8.4,9.0,1.0,0.00515993628540051
8.4,9.2,1.0,0.00515341609684374
8.4,9.4,1.0,0.00514980644953696
8.4,9.6,1.0,0.00514940924985888
8.4,9.8,1.0,0.00515285538185988
8.4,10.0,1.0,0.00516123242566616
8.4,10.2,1.0,0.00517628337556531
8.4,10.4,1.0,0.00520071292210476
8.4,10.6,1.0,0.005238660043373
8.4,10.8,1.0,0.00529643360783515
8.4,11.0,1.0,0.00538367531929765
8.4,11.2,1.0,0.00551523999786499
8.4,11.4,1.0,0.00571432653987778
8.4,11.6,1.0,0.00601788248758477
8.4,11.8,1.0,0.00648632301867965
8.4,12.0,1.0,0.00722177473480325
8.4,12.2,1.0,0.00840373446908697
8.4,12.4,1.0,0.010361001082138
8.4,12.6,1.0,0.0137186063495776
8.4,12.8,1.0,0.0196904810138105
8.4,13.0,1.0,0.0306052285599662
8.4,13.2,1.0,0.0506039594079333
8.4,13.4,1.0,0.0857677376158127
8.4,13.6,1.0,0.141778665525904
8.4,13.8,1.0,0.218298059999285
8.4,14.0,1.0,0.305377850278261
8.4,14.2,1.0,0.388623108921905
8.4,14.4,1.0,0.457976380798089
8.6,3.4,1.0,0.356149699773308
8.6,3.6,1.0,0.191431733744797
8.6,3.8,1.0,0.139247178689132
8.6,4.0,1.0,0.111343317103732
8.6,4.2,1.0,0.0917528987944108
8.6,4.4,1.0,0.0754523674357673
8.6,4.6,1.0,0.0591469841375372
8.6,4.8,1.0,0.0412324016210591
8.6,5.0,1.0,0.024673715660631
8.6,5.2,1.0,0.0141946988226153
8.6,5.4,1.0,0.00937801251018036
8.6,5.6,1.0,0.00738854570999123
8.6,5.8,1.0,0.00652449293793905
8.6,6.0,1.0,0.00609911958904947
8.6,6.2,1.0,0.00585538865058537
8.6,6.4,1.0,0.00569528967263214
8.6,6.6,1.0,0.00557941711652165
8.6,6.8,1.0,0.00549053254624943
8.6,7.0,1.0,0.00542014938228014
8.6,7.2,1.0,0.00536347499329716
8.6,7.4,1.0,0.00531743783027795
8.6,7.6,1.0,0.00527987702661359
8.6,7.8,1.0,0.00524918274866111
8.6,8.0,1.0,0.00522411938354877
8.6,8.2,1.0,0.00520372859360306
8.6,8.4,1.0,0.00518727162322128
8.6,8.6,1.0,0.00517419447107853
8.6,8.8,1.0,0.00516410949677837
8.6,9.0,1.0,0.00515679168858518
8.6,9.2,1.0,0.00515219066252457
8.6,9.4,1.0,0.00515046197501938
8.6,9.6,1.0,0.00515202431975816
8.6,9.8,1.0,0.00515765333572741
8.6,10.0,1.0,0.00516862896716615
8.6,10.2,1.0,0.00518696299790548
8.6,10.4,1.0,0.00521574898254073
8.6,10.6,1.0,0.00525970281371849
8.6,10.8,1.0,0.00532600722781676
8.6,11.0,1.0,0.00542565486019846
8.6,11.2,1.0,0.00557563746105834
8.6,11.4,1.0,0.00580262871410757
8.6,11.6,1.0,0.00614941772691941
8.6,11.8,1.0,0.00668662863913803
8.6,12.0,1.0,0.00753500172819141
8.6,12.2,1.0,0.00890942181725336
8.6,12.4,1.0,0.0112083270060972
8.6,12.6,1.0,0.0151959969542938
8.6,12.8,1.0,0.0223588141471367
8.6,13.0,1.0,0.0355095423493631
8.6,13.2,1.0,0.0594511580524044
8.6,13.4,1.0,0.100608646870747
8.6,13.6,1.0,0.163587024010457
8.6,13.8,1.0,0.245233882790411
8.6,14.0,1.0,0.333298471113458
8.6,14.2,1.0,0.413848949371825
8.6,14.4,1.0,0.478987147806867
8.8,3.4,1.0,0.418631727716481
8.8,3.6,1.0,0.174671458385648
8.8,3.8,1.0,0.119333024305992
8.8,4.0,1.0,0.0964917237084972
8.8,4.2,1.0,0.0819040254017809
8.8,4.4,1.0,0.0702999004967584
8.8,4.6,1.0,0.0590219156797279
8.8,4.8,1.0,0.0458546069990509
8.8,5.0,1.0,0.0307904645930811
8.8,5.2,1.0,0.0180958382820172
8.8,5.4,1.0,0.0109816700938497
8.8,5.6,1.0,0.00789878539306449
8.8,5.8,1.0,0.00662952963644226
8.8,6.0,1.0,0.00607025875390436
8.8,6.2,1.0,0.00579044932645442
8.8,6.4,1.0,0.00562776589122767
8.8,6.6,1.0,0.00551956490979104
8.8,6.8,1.0,0.00544044899235309
8.8,7.0,1.0,0.00537926332865998
8.8,7.2,1.0,0.00533050983525742
8.8,7.4,1.0,0.00529108052466973
8.8,7.6,1.0,0.00525897906840043
8.8,7.8,1.0,0.00523279772571809
8.8,8.0,1.0,0.00521148841039385
8.8,8.2,1.0,0.00519425335332446
8.8,8.4,1.0,0.0051804885119113
8.8,8.6,1.0,0.00516975399020855
8.8,8.8,1.0,0.0051617619743522
8.8,9.0,1.0,0.00515637970190583
8.8,9.2,1.0,0.00515364876624858
8.8,9.4,1.0,0.0051538250498085
8.8,9.6,1.0,0.00515744698433182
8.8,9.8,1.0,0.00516544455040213
8.8,10.0,1.0,0.00517930852802832
8.8,10.2,1.0,0.00520135067867167
8.8,10.4,1.0,0.00523510372291298
8.8,10.6,1.0,0.00528594064861738
8.8,10.8,1.0,0.00536204665889237
8.8,11.0,1.0,0.00547597532969053
8.8,11.2,1.0,0.00564720775678917
8.8,11.4,1.0,0.00590650460226171
8.8,11.6,1.0,0.00630360316225688
8.8,11.8,1.0,0.00692142249324509
8.8,12.0,1.0,0.00790340703155723
8.8,12.2,1.0,0.00950810035135618
8.8,12.4,1.0,0.0122204892800061
8.8,12.6,1.0,0.0169777037915314
8.8,12.8,1.0,0.0255982667614049
8.8,13.0,1.0,0.0414547858180166
8.8,13.2,1.0,0.07001024372571
8.8,13.4,1.0,0.11773666623694
8.8,13.6,1.0,0.187546173741903
8.8,13.8,1.0,0.273235816671031
8.8,14.0,1.0,0.360933007886754
8.8,14.2,1.0,0.437927281700403
8.8,14.4,1.0,0.498575883393499
9.0,3.6,1.0,0.181375857356523
9.0,3.8,1.0,0.107535281263955
9.0,4.0,1.0,0.0859520510685389
9.0,4.2,1.0,0.0743639955057494
9.0,4.4,1.0,0.0657554291774842
9.0,4.6,1.0,0.0578132041285609
9.0,4.8,1.0,0.0486121966560227
9.0,5.0,1.0,0.0366570342603908
9.0,5.2,1.0,0.0235201055041943
9.0,5.4,1.0,0.0138428710517345
9.0,5.6,1.0,0.00899856391933867
9.0,5.8,1.0,0.00698075462059126
9.0,6.0,1.0,0.00614824534761665
9.0,6.2,1.0,0.00577673080202749
9.0,6.4,1.0,0.0055882643055502
9.0,6.6,1.0,0.00547727569437846
9.0,6.8,1.0,0.00540267125898765
9.0,7.0,1.0,0.00534769146966556
9.0,7.2,1.0,0.00530495359088339
9.0,7.4,1.0,0.00527081559806679
9.0,7.6,1.0,0.00524321901204197
9.0,7.8,1.0,0.00522084363761568
9.0,8.0,1.0,0.0052027639508898
9.0,8.2,1.0,0.00518830195407766
9.0,8.4,1.0,0.00517696086234773
9.0,8.6,1.0,0.00516839586118988
9.0,8.8,1.0,0.00516240600533476
9.0,9.0,1.0,0.00515894275522013
9.0,9.2,1.0,0.00515813618528615
9.0,9.4,1.0,0.00516034372274675
9.0,9.6,1.0,0.00516623028234329
9.0,9.8,1.0,0.00517689408552677
9.0,10.0,1.0,0.00519406062755318
9.0,10.2,1.0,0.00522038021580411
9.0,10.4,1.0,0.00525988581531748
9.0,10.6,1.0,0.00531870429714137
9.0,10.8,1.0,0.00540617872290339
9.0,11.0,1.0,0.00553667872464382
9.0,11.2,1.0,0.00573260637315986
9.0,11.4,1.0,0.00602956668204343
9.0,11.6,1.0,0.00648562929458521
9.0,11.8,1.0,0.00719864561120872
9.0,12.0,1.0,0.00833998395973958
9.0,12.2,1.0,0.0102224577272099
9.0,12.4,1.0,0.0134392424651338
9.0,12.6,1.0,0.0191425211467579
9.0,12.8,1.0,0.0295538211010298
9.0,13.0,1.0,0.0486797924637827
9.0,13.2,1.0,0.0825861695528031
9.0,13.4,1.0,0.137378369772351
9.0,13.6,1.0,0.213664961348237
9.0,13.8,1.0,0.302229932196955
9.0,14.0,1.0,0.388420863658713
9.0,14.2,1.0,0.461328366103904
9.2,3.6,1.0,0.226316945195065
9.2,3.8,1.0,0.103879775191802
9.2,4.0,1.0,0.0788567929443477
9.2,4.2,1.0,0.0686669495666919
9.2,4.4,1.0,0.0619414568321003
9.2,4.6,1.0,0.0561485255079531
9.2,4.8,1.0,0.0497801032831647
9.2,5.0,1.0,0.0411578054646803
9.2,5.2,1.0,0.0296300805889409
9.2,5.4,1.0,0.0182515567663328
9.2,5.6,1.0,0.011032609392178
9.2,5.8,1.0,0.00773388674909011
9.2,6.0,1.0,0.00639093149810609
9.2,6.2,1.0,0.00583399214975664
9.2,6.4,1.0,0.00558259057443969
9.2,6.6,1.0,0.00545347150960623
9.2,6.8,1.0,0.00537658292047268
9.2,7.0,1.0,0.00532448141041479
9.2,7.2,1.0,0.00528592495595723
9.2,7.4,1.0,0.00525595015224642
9.2,7.6,1.0,0.00523210878538904
9.2,7.8,1.0,0.0052130223269748
9.2,8.0,1.0,0.00519781636624517
9.2,8.2,1.0,0.00518589366920433
9.2,8.4,1.0,0.00517684133516081
9.2,8.6,1.0,0.00517039495170152
9.2,8.8,1.0,0.0051664315196703
9.2,9.0,1.0,0.0051649823787203
9.2,9.2,1.0,0.00516626607100949
9.2,9.4,1.0,0.00517074631710775
9.2,9.6,1.0,0.00517922516938607
9.2,9.8,1.0,0.00519298774360701
9.2,10.0,1.0,0.00521402442069999
9.2,10.2,1.0,0.00524537154545068
9.2,10.4,1.0,0.00529163678246764
9.2,10.6,1.0,0.00535981866503103
9.2,10.8,1.0,0.00546060782488605
9.2,11.0,1.0,0.00561050346529438
9.2,11.2,1.0,0.00583536377254289
9.2,11.4,1.0,0.00617658677679565
9.2,11.6,1.0,0.00670232700722326
9.2,11.8,1.0,0.00752874196725315
9.2,12.0,1.0,0.00886185602011183
9.2,12.2,1.0,0.0110824881957413
9.2,12.4,1.0,0.0149198550359873
9.2,12.6,1.0,0.0217941423103187
9.2,12.8,1.0,0.034412446816524
9.2,13.0,1.0,0.0574790252765623
9.2,13.2,1.0,0.0975249663890759
9.2,13.4,1.0,0.15975629930013
9.2,13.6,1.0,0.241943059930312
9.2,13.8,1.0,0.332185142130502
9.2,14.0,1.0,0.41594639911084
9.2,14.2,1.0,0.484493540167612
9.4,3.6,1.0,0.344359271154019
9.4,3.8,1.0,0.111432517904852
9.4,4.0,1.0,0.0749712201666404
9.4,4.2,1.0,0.0644876958382562
9.4,4.4,1.0,0.058839304803679
9.4,4.6,1.0,0.0544163022709125
9.4,4.8,1.0,0.0499166714360797
9.4,5.0,1.0,0.0439887412340261
9.4,5.2,1.0,0.0351617337851597
9.4,5.4,1.0,0.0239430130661974
9.4,5.6,1.0,0.0144069186752417
9.4,5.8,1.0,0.00915575859902325
9.4,6.0,1.0,0.00690802279088908
9.4,6.2,1.0,0.0060028262210871
9.4,6.4,1.0,0.00562499279676169
9.4,6.6,1.0,0.00545269684582526
9.4,6.8,1.0,0.00536328455025977
9.4,7.0,1.0,0.00530961913488754
9.4,7.2,1.0,0.00527314574625859
9.4,7.4,1.0,0.00524623904050929
9.4,7.6,1.0,0.00522552970335504
9.4,7.8,1.0,0.00520936264359935
9.4,8.0,1.0,0.00519681970591156
9.4,8.2,1.0,0.00518733983663129
9.4,8.4,1.0,0.00518057127886082
9.4,8.6,1.0,0.00517631794144062
9.4,8.8,1.0,0.00517452895596156
9.4,9.0,1.0,0.00517531441198822
9.4,9.2,1.0,0.00517898464106487
9.4,9.4,1.0,0.00518611807140966
9.4,9.6,1.0,0.00519766890586016
9.4,9.8,1.0,0.00521513341626229
9.4,10.0,1.0,0.00524080477273218
9.4,10.2,1.0,0.00527816413059214
9.4,10.4,1.0,0.00533248554654769
9.4,10.6,1.0,0.00541178441226462
9.4,10.8,1.0,0.00552833393399481
9.4,11.0,1.0,0.00570115414044591
9.4,11.2,1.0,0.00596023331754972
9.4,11.4,1.0,0.00635396954747467
9.4,11.6,1.0,0.00696285541651125
9.4,11.8,1.0,0.00792573378993986
9.4,12.0,1.0,0.00949208620656379
9.4,12.2,1.0,0.0121287267902894
9.4,12.4,1.0,0.0167370528323073
9.4,12.6,1.0,0.0250717149602466
9.4,12.8,1.0,0.0404194261428499
9.4,13.0,1.0,0.0682214275388358
9.4,13.2,1.0,0.115229558490961
9.4,13.4,1.0,0.185113878601706
9.4,13.6,1.0,0.272425839788524
9.4,13.8,1.0,0.363181446386333
9.4,14.0,1.0,0.443808709412163
9.6,3.8,1.0,0.140060496326278
9.6,4.0,1.0,0.0749396269899661
9.6,4.2,1.0,0.0616923026404501
9.6,4.4,1.0,0.0563904788725996
9.6,4.6,1.0,0.0528135616085873
9.6,4.8,1.0,0.0495062615002954
9.6,5.0,1.0,0.0454560096875968
9.6,5.2,1.0,0.0392759308578154
9.6,5.4,1.0,0.0299118812474136
9.6,5.6,1.0,0.0192819055384516
9.6,5.8,1.0,0.0116337049439059
9.6,6.0,1.0,0.00789473589666124
9.6,6.2,1.0,0.00635993959626095
9.6,6.4,1.0,0.00574401141175267
9.6,6.6,1.0,0.00548528249511936
9.6,6.8,1.0,0.00536637314233717
9.6,7.0,1.0,0.00530429777421834
9.6,7.2,1.0,0.00526702841829266
9.6,7.4,1.0,0.00524191449165031
9.6,7.6,1.0,0.00522374967410934
9.6,7.8,1.0,0.00521024147523306
9.6,8.0,1.0,0.00520028201240451
9.6,8.2,1.0,0.00519328505991973
9.6,8.4,1.0,0.00518893322869566
9.6,8.6,1.0,0.00518708725997298
9.6,8.8,1.0,0.00518776486590115
9.6,9.0,1.0,0.00519115671629413
9.6,9.2,1.0,0.00519767171414054
9.6,9.4,1.0,0.00520801553876697
9.6,9.6,1.0,0.00522331477178611
9.6,9.8,1.0,0.00524530811080907
9.6,10.0,1.0,0.0052766393707903
9.6,10.2,1.0,0.00532130810050277
9.6,10.4,1.0,0.005385369383053
9.6,10.6,1.0,0.00547803753106094
9.6,10.8,1.0,0.00561346474060785
9.6,11.0,1.0,0.00581368928757871
9.6,11.2,1.0,0.00611369441074891
9.6,11.4,1.0,0.00657044263868574
9.6,11.6,1.0,0.0072797140361971
9.6,11.8,1.0,0.00840882027783216
9.6,12.0,1.0,0.0102623931187019
9.6,12.2,1.0,0.0134171371150302
9.6,12.4,1.0,0.0189940037187636
9.6,12.6,1.0,0.0291656327882001
9.6,12.8,1.0,0.0479022289874988
9.6,13.0,1.0,0.0813775713015812
9.6,13.2,1.0,0.13618453887349
9.6,13.4,1.0,0.213751910324587
9.6,13.6,1.0,0.305261095426152
9.6,13.8,1.0,0.395459869745023
9.6,14.0,1.0,0.472460455122144
9.8,3.8,1.0,0.2162256495713
9.8,4.0,1.0,0.0810738879754844
9.8,4.2,1.0,0.0604235910055669
9.8,4.4,1.0,0.0545597384878952
9.8,4.6,1.0,0.05142648569359
9.8,4.8,1.0,0.0488671530126619
9.8,5.0,1.0,0.0460316268058355
9.8,5.2,1.0,0.0418819014406407
9.8,5.4,1.0,0.0350071632068665
9.8,5.6,1.0,0.0251396607070733
9.8,5.8,1.0,0.015538458926473
9.8,6.0,1.0,0.00966755128858296
9.8,6.2,1.0,0.00704440954735157
9.8,6.4,1.0,0.00599330621195048
9.8,6.6,1.0,0.00557147428600994
9.8,6.8,1.0,0.00539350019431862
9.8,7.0,1.0,0.00531150837809118
9.8,7.2,1.0,0.00526890879297028
9.8,7.4,1.0,0.00524379188098238
9.8,7.6,1.0,0.00522748943143333
9.8,7.8,1.0,0.00521644331434227
9.8,8.0,1.0,0.00520911051409597
9.8,8.2,1.0,0.00520478267815052
9.8,8.4,1.0,0.00520313858809403
9.8,8.6,1.0,0.00520408206755685
9.8,8.8,1.0,0.0052076971499397
9.8,9.0,1.0,0.00521425977503311
9.8,9.2,1.0,0.00522428808190321
9.8,9.4,1.0,0.00523863254817286
9.8,9.6,1.0,0.0052586189917038
9.8,9.8,1.0,0.00528626899378838
9.8,10.0,1.0,0.00532463818824498
9.8,10.2,1.0,0.00537833819823009
9.8,10.4,1.0,0.00545435122058498
9.8,10.6,1.0,0.00556332350642484
9.8,10.8,1.0,0.00572166812917458
9.8,11.0,1.0,0.00595508773775873
9.8,11.2,1.0,0.00630469432441983
9.8,11.4,1.0,0.00683808568893252
9.8,11.6,1.0,0.00767027063720163
9.8,11.8,1.0,0.0090048210393507
9.8,12.0,1.0,0.0112173478500115
9.8,12.2,1.0,0.0150267172413621
9.8,12.4,1.0,0.0218362949261197
9.8,12.6,1.0,0.0343418184747662
9.8,12.8,1.0,0.0573063528208115
9.8,13.0,1.0,0.097559665865343
9.8,13.2,1.0,0.16099374389108
9.8,13.4,1.0,0.246076538881431
9.8,13.6,1.0,0.340752534383633
9.8,13.8,1.0,0.429453563938954
10.0,3.8,1.0,0.389139041993475
10.0,4.0,1.0,0.0997035132198586
10.0,4.2,1.0,0.061308423297064
10.0,4.4,1.0,0.0533880014333459
10.0,4.6,1.0,0.0502936513492443
10.0,4.8,1.0,0.0481815568066246
10.0,5.0,1.0,0.046106924026668
10.0,5.2,1.0,0.0433263162852158
10.0,5.4,1.0,0.0386667472781994
10.0,5.6,1.0,0.0308625071884595
10.0,5.8,1.0,0.0208328986391874
10.0,6.0,1.0,0.0126393116571855
10.0,6.2,1.0,0.00829565384158089
10.0,6.4,1.0,0.00647098588603305
10.0,6.6,1.0,0.00574908196219165
10.0,6.8,1.0,0.0054593098290525
10.0,7.0,1.0,0.00533718298391193
10.0,7.2,1.0,0.00528151350942931
10.0,7.4,1.0,0.00525348829735001
10.0,7.6,1.0,0.00523805511070496
10.0,7.8,1.0,0.0052292691785687
10.0,8.0,1.0,0.00522472094840573
10.0,8.2,1.0,0.0052234140887121
10.0,8.4,1.0,0.00522496120632392
10.0,8.6,1.0,0.00522928850330555
10.0,8.8,1.0,0.00523654391357888
10.0,9.0,1.0,0.00524709617651257
10.0,9.2,1.0,0.00526158799411623
10.0,9.4,1.0,0.0052810386334723
10.0,9.6,1.0,0.00530700885975905
10.0,9.8,1.0,0.00534185613794073
10.0,10.0,1.0,0.00538912753540942
10.0,10.2,1.0,0.00545416854176398
10.0,10.4,1.0,0.00554507889783597
10.0,10.6,1.0,0.00567424213442884
10.0,10.8,1.0,0.00586083615589966
10.0,11.0,1.0,0.0061350877356527
10.0,11.2,1.0,0.0065457600326081
10.0,11.4,1.0,0.0071738928922545
10.0,11.6,1.0,0.00815911407314645
10.0,11.8,1.0,0.00975199118528907
10.0,12.0,1.0,0.0124210046021826
10.0,12.2,1.0,0.0170716009835291
10.0,12.4,1.0,0.0254741323841838
10.0,12.6,1.0,0.0409796891659193
10.0,12.8,1.0,0.0692495083811736
10.0,13.0,1.0,0.117579367895818
10.0,13.2,1.0,0.190431318205574
10.0,13.4,1.0,0.282651308682005
10.0,13.6,1.0,0.379397765323166
10.0,13.8,1.0,0.465791681978434
10.2,4.0,1.0,0.148031603627639
10.2,4.2,1.0,0.0659904630022453
10.2,4.4,1.0,0.0530687590854368
10.2,4.6,1.0,0.0494514857554311
10.2,4.8,1.0,0.0475484297970759
10.2,5.0,1.0,0.0459415523771541
10.2,5.2,1.0,0.0440271566695392
10.2,5.4,1.0,0.0409779780751719
10.2,5.6,1.0,0.0354843462653485
10.2,5.8,1.0,0.0267475796853268
10.2,6.0,1.0,0.0170913892680789
10.2,6.2,1.0,0.0104797215322358
10.2,6.4,1.0,0.00735144836647133
10.2,6.6,1.0,0.00608740025907015
10.2,6.8,1.0,0.00559087926012327
10.2,7.0,1.0,0.00539232527216586
10.2,7.2,1.0,0.0053098334077412
10.2,7.4,1.0,0.00527382479630912
10.2,7.6,1.0,0.00525757051318584
10.2,7.8,1.0,0.00525071484292442
10.2,8.0,1.0,0.00524920696029755
10.2,8.2,1.0,0.00525146756437199
10.2,8.4,1.0,0.00525693374585563
10.2,8.6,1.0,0.00526551810465246
10.2,8.8,1.0,0.00527742734977788
10.2,9.0,1.0,0.00529313332443147
10.2,9.2,1.0,0.005313424526019
10.2,9.4,1.0,0.00533952171429404
10.2,9.6,1.0,0.00537326862556385
10.2,9.8,1.0,0.00541742932618974
10.2,10.0,1.0,0.00547614825109997
10.2,10.2,1.0,0.00555566698061601
10.2,10.4,1.0,0.00566545742483866
10.2,10.6,1.0,0.00582005106546831
10.2,10.8,1.0,0.00604207339881157
10.2,11.0,1.0,0.00636744983342904
10.2,11.2,1.0,0.00685469312714747
10.2,11.4,1.0,0.00760218939245705
10.2,11.6,1.0,0.0087817482424169
10.2,11.8,1.0,0.0107060995143614
10.2,12.0,1.0,0.0139675927669503
10.2,12.2,1.0,0.0197206906666037
10.2,12.4,1.0,0.0302181717715243
10.2,12.6,1.0,0.0496319815581934
10.2,12.8,1.0,0.0846025873930011
10.2,13.0,1.0,0.142526140100244
10.2,13.2,1.0,0.225498445047749
10.2,13.4,1.0,0.324233609111194
10.2,13.6,1.0,0.421887573965673
10.4,4.0,1.0,0.268083832116792
10.4,4.2,1.0,0.0786020745905095
10.4,4.4,1.0,0.054102801676171
10.4,4.6,1.0,0.0489760620636175
10.4,4.8,1.0,0.0470270547138487
10.4,5.0,1.0,0.0456916006156449
10.4,5.2,1.0,0.0443109815806381
10.4,5.4,1.0,0.042314732375823
10.4,5.6,1.0,0.0387083301174204
10.4,5.8,1.0,0.0321514261085631
10.4,6.0,1.0,0.0227390766231738
10.4,6.2,1.0,0.0140089559625611
10.4,6.4,1.0,0.0089257733619881
10.4,6.6,1.0,0.00671164774195744
10.4,6.8,1.0,0.00583772396153817
10.4,7.0,1.0,0.00549694744043016
10.4,7.2,1.0,0.00536272586486543
10.4,7.4,1.0,0.00530954552697695
10.4,7.6,1.0,0.00528937034678487
10.4,7.8,1.0,0.00528375330598312
10.4,8.0,1.0,0.00528559587857098
10.4,8.2,1.0,0.00529220130823655
10.4,8.4,1.0,0.00530263299213733
10.4,8.6,1.0,0.00531672339186378
10.4,8.8,1.0,0.00533472538087419
10.4,9.0,1.0,0.00535722662125745
10.4,9.2,1.0,0.00538519041534397
10.4,9.4,1.0,0.00542008395980029
10.4,9.6,1.0,0.00546409969582022
10.4,9.8,1.0,0.00552050479840657
10.4,10.0,1.0,0.00559418561511948
10.4,10.2,1.0,0.00569250172971334
10.4,10.4,1.0,0.00582664715856228
10.4,10.6,1.0,0.0060138692739771
10.4,10.8,1.0,0.00628119245401983
10.4,11.0,1.0,0.00667189084376974
10.4,11.2,1.0,0.00725720119963264
10.4,11.4,1.0,0.00815844002510386
10.4,11.6,1.0,0.00959050730889165
10.4,11.8,1.0,0.0119503084954169
10.4,12.0,1.0,0.0159990982708179
10.4,12.2,1.0,0.0232300593989284
10.4,12.4,1.0,0.0365379847409848
10.4,12.6,1.0,0.0611186715587417
10.4,12.8,1.0,0.104606002298786
10.4,13.0,1.0,0.173859311764869
10.4,13.2,1.0,0.267458856640538
10.4,13.4,1.0,0.371755374795963
10.4,13.6,1.0,0.469026953103458
10.6,4.2,1.0,0.110121227442251
10.6,4.4,1.0,0.0576603999026247
10.6,4.6,1.0,0.0490422343978202
10.6,4.8,1.0,0.0466703598776822
10.6,5.0,1.0,0.0454499374135714
10.6,5.2,1.0,0.0443936633856656
10.6,5.4,1.0,0.0430524923228388
10.6,5.6,1.0,0.0407564038448932
10.6,5.8,1.0,0.0363209966099224
10.6,6.0,1.0,0.0286156142941378
10.6,6.2,1.0,0.0190163012834197
10.6,6.4,1.0,0.0116069040367512
10.6,6.6,1.0,0.0078412651686999
10.6,6.8,1.0,0.00628996681744211
10.6,7.0,1.0,0.00568735385782354
10.6,7.2,1.0,0.0054558586553923
10.6,7.4,1.0,0.00536860454862208
10.6,7.6,1.0,0.00533866706846767
10.6,7.8,1.0,0.00533278256142586
10.6,8.0,1.0,0.00533823424676884
10.6,8.2,1.0,0.00535022993097117
10.6,8.4,1.0,0.00536709475992733
10.6,8.6,1.0,0.00538845543216635
10.6,8.8,1.0,0.00541458166933085
10.6,9.0,1.0,0.00544619088409571
10.6,9.2,1.0,0.00548446070493468
10.6,9.4,1.0,0.00553116745065397
10.6,9.6,1.0,0.00558894421741025
10.6,9.8,1.0,0.00566169634895742
10.6,10.0,1.0,0.00575525474285786
10.6,10.2,1.0,0.00587840919461182
10.6,10.4,1.0,0.00604457072360132
10.6,10.6,1.0,0.0062745110694564
10.6,10.8,1.0,0.00660101798782572
10.6,11.0,1.0,0.00707710114219788
10.6,11.2,1.0,0.0077910621900999
10.6,11.4,1.0,0.00889537164756003
10.6,11.6,1.0,0.010664217778004
10.6,11.8,1.0,0.0136115505101191
10.6,12.0,1.0,0.0187346938573597
10.6,12.2,1.0,0.0279971431205111
10.6,12.4,1.0,0.0451576919579919
10.6,12.6,1.0,0.0766710620832476
10.6,12.8,1.0,0.131022162628348
10.6,13.0,1.0,0.213480001233472
10.6,13.2,1.0,0.317789850613174
10.6,13.4,1.0,0.426178934306521
10.8,4.2,1.0,0.190087839522618
10.8,4.4,1.0,0.0665275255917395
10.8,4.6,1.0,0.0500370628860789
10.8,4.8,1.0,0.0465569859871877
10.8,5.0,1.0,0.0452791076532576
10.8,5.2,1.0,0.0444100061787958
10.8,5.4,1.0,0.0434705563209709
10.8,5.6,1.0,0.0420123280161548
10.8,5.8,1.0,0.0391933581511479
10.8,6.0,1.0,0.033687743518994
10.8,6.2,1.0,0.0249546063925933
10.8,6.4,1.0,0.015771619992849
10.8,6.6,1.0,0.00982950516059653
10.8,6.8,1.0,0.00710981497083968
10.8,7.0,1.0,0.00602963597318113
10.8,7.2,1.0,0.00561717045594274
10.8,7.4,1.0,0.0054644998446456
10.8,7.6,1.0,0.00541370200246386
10.8,7.8,1.0,0.00540434772570979
10.8,8.0,1.0,0.00541337609164002
10.8,8.2,1.0,0.00543209745379657
10.8,8.4,1.0,0.00545742256873218
10.8,8.6,1.0,0.00548853374444942
10.8,8.8,1.0,0.00552565355141414
10.8,9.0,1.0,0.0055696411392334
10.8,9.2,1.0,0.00562194239317711
10.8,9.4,1.0,0.00568473180968768
10.8,9.6,1.0,0.00576121488082585
10.8,9.8,1.0,0.00585612921188975
10.8,10.0,1.0,0.00597654234788291
10.8,10.2,1.0,0.00613312626672615
10.8,10.4,1.0,0.00634222945738117
10.8,10.6,1.0,0.00662933300129246
10.8,10.8,1.0,0.00703500354403374
10.8,11.0,1.0,0.00762554215604277
10.8,11.2,1.0,0.00851284182228795
10.8,11.4,1.0,0.00989300454814461
10.8,11.6,1.0,0.0121242805476255
10.8,11.8,1.0,0.0158881528414028
10.8,12.0,1.0,0.0225207069793444
10.8,12.2,1.0,0.034651924783628
10.8,12.4,1.0,0.0572103929192956
10.8,12.6,1.0,0.0981398466693632
10.8,12.8,1.0,0.166293475576924
10.8,13.0,1.0,0.263688490738266
10.8,13.2,1.0,0.377930952143297
10.8,13.4,1.0,0.488135253659968
11.0,4.2,1.0,0.374574922848607
11.0,4.4,1.0,0.0878491387754087
11.0,4.6,1.0,0.0528131235449036
11.0,4.8,1.0,0.0468367125115067
11.0,5.0,1.0,0.0452371205170891
11.0,5.2,1.0,0.0444474955187741
11.0,5.4,1.0,0.0437552273725096
11.0,5.6,1.0,0.0428166063832336
11.0,5.8,1.0,0.0410833424187648
11.0,6.0,1.0,0.0375016647076503
11.0,6.2,1.0,0.0307587428188186
11.0,6.4,1.0,0.0213549413867014
11.0,6.6,1.0,0.0131318933878626
11.0,6.8,1.0,0.00857795514558943
11.0,7.0,1.0,0.00664436172766604
11.0,7.2,1.0,0.00589712288354144
11.0,7.4,1.0,0.00562059076918557
11.0,7.6,1.0,0.00552778528756263
11.0,7.8,1.0,0.00550833841258241
11.0,8.0,1.0,0.0055201005844386
11.0,8.2,1.0,0.00554714108465248
11.0,8.4,1.0,0.00558369353633966
11.0,8.6,1.0,0.00562804113729752
11.0,8.8,1.0,0.00568022525406759
11.0,9.0,1.0,0.00574124921645778
11.0,9.2,1.0,0.00581290085126313
11.0,9.4,1.0,0.00589788188289618
11.0,9.6,1.0,0.00600016365043768
11.0,9.8,1.0,0.00612560245793213
11.0,10.0,1.0,0.00628293530528141
11.0,10.2,1.0,0.00648538927483876
11.0,10.4,1.0,0.00675332938304577
11.0,10.6,1.0,0.00711873333772292
11.0,10.8,1.0,0.007633011126175
11.0,11.0,1.0,0.00838120973497486
11.0,11.2,1.0,0.0095089186084319
11.0,11.4,1.0,0.011275367747484
11.0,11.6,1.0,0.0141618625662403
11.0,11.8,1.0,0.0190970487371986
11.0,12.0,1.0,0.027916028845671
11.0,12.2,1.0,0.04420917303771
11.0,12.4,1.0,0.0744770801105561
11.0,12.6,1.0,0.128253672350968
11.0,12.8,1.0,0.213588576988739
11.0,13.0,1.0,0.326828824189206
11.0,13.2,1.0,0.448672306542855
11.2,4.4,1.0,0.141244260870621
11.2,4.6,1.0,0.0593215616626074
11.2,4.8,1.0,0.0478157333750895
11.2,5.0,1.0,0.0454030171762835
11.2,5.2,1.0,0.0445730872777954
11.2,5.4,1.0,0.0440307848220175
11.2,5.6,1.0,0.043417507620917
11.2,5.8,1.0,0.0423743541490588
11.2,6.0,1.0,0.0401867490234769
11.2,6.2,1.0,0.0355907202289025
11.2,6.4,1.0,0.0275825829986791
11.2,6.6,1.0,0.0180539000158468
11.2,6.8,1.0,0.0111281037313768
11.2,7.0,1.0,0.00774904214080319
11.2,7.2,1.0,0.00638810081464777
11.2,7.4,1.0,0.00587826875550675
11.2,7.6,1.0,0.00570302588889126
11.2,7.8,1.0,0.00566004531686063
11.2,8.0,1.0,0.00567178729669564
11.2,8.2,1.0,0.00570882335485539
11.2,8.4,1.0,0.00576033221732595
11.2,8.6,1.0,0.00582282715215671
11.2,8.8,1.0,0.00589589376577775
11.2,9.0,1.0,0.00598065498036695
11.2,9.2,1.0,0.00607934072861157
11.2,9.4,1.0,0.00619537053677925
11.2,9.6,1.0,0.00633377243734206
11.2,9.8,1.0,0.00650195496356618
11.2,10.0,1.0,0.00671098279472928
11.2,10.2,1.0,0.00697766692183738
11.2,10.4,1.0,0.00732804900513818
11.2,10.6,1.0,0.00780337335951647
11.2,10.8,1.0,0.00847068239217072
11.2,11.0,1.0,0.00944237122438261
11.2,11.2,1.0,0.0109138133772633
11.2,11.4,1.0,0.0132386767596757
11.2,11.6,1.0,0.0170842966111476
11.2,11.8,1.0,0.0237547813047746
11.2,12.0,1.0,0.0358369841304948
11.2,12.2,1.0,0.0583138767778591
11.2,12.4,1.0,0.0997177681072939
11.2,12.6,1.0,0.170814978914846
11.2,12.8,1.0,0.276440967412399
11.2,13.0,1.0,0.404331858889493
11.4,4.4,1.0,0.274494090592148
11.4,4.6,1.0,0.0743849727280387
11.4,4.8,1.0,0.050141973115932
11.4,5.0,1.0,0.0459133890736593
11.4,5.2,1.0,0.0448548001791499
11.4,5.4,1.0,0.0443895288389882
11.4,5.6,1.0,0.0439893092083315
11.4,5.8,1.0,0.0433849349026906
11.4,6.0,1.0,0.0421217284172169
11.4,6.2,1.0,0.0392653159900491
11.4,6.4,1.0,0.0334166363584937
11.4,6.6,1.0,0.024315246423616
11.4,6.8,1.0,0.0152612904386553
11.4,7.0,1.0,0.00971693974552358
11.4,7.2,1.0,0.00726067314317742
11.4,7.4,1.0,0.00631277812538504
11.4,7.6,1.0,0.00597739212237828
11.4,7.8,1.0,0.005883840008354
11.4,8.0,1.0,0.00588857780338291
11.4,8.2,1.0,0.00593684564187346
11.4,8.4,1.0,0.0060082409353999
11.4,8.6,1.0,0.00609582481060173
11.4,8.8,1.0,0.00619816928066492
11.4,9.0,1.0,0.00631642551722597
11.4,9.2,1.0,0.00645339879026992
11.4,9.4,1.0,0.00661351214789688
11.4,9.6,1.0,0.00680329669655412
11.4,9.8,1.0,0.00703238417169811
11.4,10.0,1.0,0.00731519138296914
11.4,10.2,1.0,0.00767372372116951
11.4,10.4,1.0,0.00814231565863308
11.4,10.6,1.0,0.00877587700795999
11.4,10.8,1.0,0.00966475350679378
11.4,11.0,1.0,0.0109625939938596
11.4,11.2,1.0,0.01294079814529
11.4,11.4,1.0,0.0160989192800489
11.4,11.6,1.0,0.0213940190919143
11.4,11.8,1.0,0.0307146881294372
11.4,12.0,1.0,0.0477944564850512
11.4,12.2,1.0,0.0796015940521667
11.4,12.4,1.0,0.137006448317803
11.4,12.6,1.0,0.230469603114961
11.4,12.8,1.0,0.357474041373684
11.4,13.0,1.0,0.495038871052171
11.6,4.6,1.0,0.11105616990258
11.6,4.8,1.0,0.0552527826831094
11.6,5.0,1.0,0.0470303723908812
11.6,5.2,1.0,0.0453840984581479
11.6,5.4,1.0,0.0449157213858022
11.6,5.6,1.0,0.044664559777498
11.6,5.8,1.0,0.0443554838588913
11.6,6.0,1.0,0.0436951707638779
11.6,6.2,1.0,0.0420691766392697
11.6,6.4,1.0,0.038285868398015
11.6,6.6,1.0,0.0310063441182734
11.6,6.8,1.0,0.0211968276386104
11.6,7.0,1.0,0.0131038698670996
11.6,7.2,1.0,0.00882652218395629
11.6,7.4,1.0,0.00706433471311798
11.6,7.6,1.0,0.0064185702591027
11.6,7.8,1.0,0.00622006344873183
11.6,8.0,1.0,0.00620166627849616
11.6,8.2,1.0,0.0062606155357817
11.6,8.4,1.0,0.00635818554635457
11.6,8.6,1.0,0.00648069219537155
11.6,8.8,1.0,0.00662455676808214
11.6,9.0,1.0,0.00679070990916529
11.6,9.2,1.0,0.00698269864882979
11.6,9.4,1.0,0.00720638101366148
11.6,9.6,1.0,0.00747048661239484
11.6,9.8,1.0,0.00778792685500152
11.6,10.0,1.0,0.00817809438627944
11.6,10.2,1.0,0.00867075797094956
11.6,10.4,1.0,0.00931274800709346
11.6,10.6,1.0,0.01017976362098
11.6,10.8,1.0,0.0113979838906725
11.6,11.0,1.0,0.013185224086736
11.6,11.2,1.0,0.015932483159641
11.6,11.4,1.0,0.0203709780244566
11.6,11.6,1.0,0.0279195434533941
11.6,11.8,1.0,0.0413889652548991
11.6,12.0,1.0,0.0662471511385059
11.6,12.2,1.0,0.112108700419279
11.6,12.4,1.0,0.191693735768054
11.6,12.6,1.0,0.311303059935567
11.6,12.8,1.0,0.45589768972918
11.8,4.6,1.0,0.204631683452888
11.8,4.8,1.0,0.0665841291835101
11.8,5.0,1.0,0.0492873059199241
11.8,5.2,1.0,0.046308571880323
11.8,5.4,1.0,0.045706427600765
11.8,5.6,1.0,0.0455633767954426
11.8,5.8,1.0,0.045477504713542
11.8,6.0,1.0,0.0452324334737084
11.8,6.2,1.0,0.0444418743811091
11.8,6.4,1.0,0.0422643121012591
11.8,6.6,1.0,0.0372513135718731
11.8,6.8,1.0,0.0284820757599584
11.8,7.0,1.0,0.0184938527777295
11.8,7.2,1.0,0.0116227366808941
11.8,7.4,1.0,0.00839873043972624
11.8,7.6,1.0,0.0071521180808293
11.8,7.8,1.0,0.00673855411035906
11.8,8.0,1.0,0.00666115508692448
11.8,8.2,1.0,0.00672515722209816
11.8,8.4,1.0,0.0068563179044399
11.8,8.6,1.0,0.0070276414109424
11.8,8.8,1.0,0.0072310506675973
11.8,9.0,1.0,0.00746663921140045
11.8,9.2,1.0,0.00773886823850437
11.8,9.4,1.0,0.00805567718112363
11.8,9.6,1.0,0.00842908348338602
11.8,9.8,1.0,0.00887695657133872
11.8,10.0,1.0,0.00942626526735431
11.8,10.2,1.0,0.0101186859181225
11.8,10.4,1.0,0.0110203771687875
11.8,10.6,1.0,0.0122395009314404
11.8,10.8,1.0,0.0139587680788073
11.8,11.0,1.0,0.0164982841417108
11.8,11.2,1.0,0.0204414743474536
11.8,11.4,1.0,0.0268942531991804
11.8,11.6,1.0,0.0380188736785512
11.8,11.8,1.0,0.0580701106347287
11.8,12.0,1.0,0.0950119932726374
11.8,12.2,1.0,0.161377019164103
11.8,12.4,1.0,0.269091708248254
11.8,12.6,1.0,0.413585916288745
12.0,4.6,1.0,0.414413576580885
12.0,4.8,1.0,0.0931850869615415
12.0,5.0,1.0,0.053833183664657
12.0,5.2,1.0,0.0478927839780857
12.0,5.4,1.0,0.0468952138045152
12.0,5.6,1.0,0.0468188904220272
12.0,5.8,1.0,0.0469295887315446
12.0,6.0,1.0,0.0470101983223844
12.0,6.2,1.0,0.0468132047227732
12.0,6.4,1.0,0.0457929172845062
12.0,6.6,1.0,0.042804055921348
12.0,6.8,1.0,0.036222675782467
12.0,7.0,1.0,0.0260699118581061
12.0,7.2,1.0,0.0164374653255615
12.0,7.4,1.0,0.0108162821440694
12.0,7.6,1.0,0.00842002342791434
12.0,7.8,1.0,0.00756652276165632
12.0,8.0,1.0,0.00735122688292638
12.0,8.2,1.0,0.0074016276690355
12.0,8.4,1.0,0.00757342326012946
12.0,8.6,1.0,0.00781290021938603
12.0,8.8,1.0,0.00810253528762142
12.0,9.0,1.0,0.00844010143310284
12.0,9.2,1.0,0.00883103504826715
12.0,9.4,1.0,0.00928629041168363
12.0,9.6,1.0,0.00982286169782057
12.0,9.8,1.0,0.0104662319553814
12.0,10.0,1.0,0.011255104184146
12.0,10.2,1.0,0.0122497456549569
12.0,10.4,1.0,0.0135467511910328
12.0,10.6,1.0,0.015305869334973
12.0,10.8,1.0,0.0178004723706947
12.0,11.0,1.0,0.021516064395719
12.0,11.2,1.0,0.0273488289512108
12.0,11.4,1.0,0.0370122555366126
12.0,11.6,1.0,0.0538504322154105
12.0,11.8,1.0,0.0842780919698506
12.0,12.0,1.0,0.13939616339088
12.0,12.2,1.0,0.233315329157822
12.0,12.4,1.0,0.370835189977513
12.2,4.8,1.0,0.16035351460939
12.2,5.0,1.0,0.0633366487287099
12.2,5.2,1.0,0.0506478484556329
12.2,5.4,1.0,0.0486882465204187
12.2,5.6,1.0,0.0486033658280406
12.2,5.8,1.0,0.048912083122826
12.2,6.0,1.0,0.0492985915659811
12.2,6.2,1.0,0.0495827805083188
12.2,6.4,1.0,0.0494216033126919
12.2,6.6,1.0,0.0480227249087657
12.2,6.8,1.0,0.0438556407235682
12.2,7.0,1.0,0.0353496792003316
12.2,7.2,1.0,0.024081483598535
12.2,7.4,1.0,0.0152015080486279
12.2,7.6,1.0,0.0107015258017041
12.2,7.8,1.0,0.00894850114344062
12.2,8.0,1.0,0.0084211171637395
12.2,8.2,1.0,0.00840693509802305
12.2,8.4,1.0,0.00862081457079677
12.2,8.6,1.0,0.00895417716970771
12.2,8.8,1.0,0.00936933952717633
12.2,9.0,1.0,0.0098581909173324
12.2,9.2,1.0,0.0104267056967673
12.2,9.4,1.0,0.011090071857169
12.2,9.6,1.0,0.0118727848031991
12.2,9.8,1.0,0.012812044936128
12.2,10.0,1.0,0.0139648130844333
12.2,10.2,1.0,0.0154205445149463
12.2,10.4,1.0,0.0173240333707302
12.2,10.6,1.0,0.019917392644652
12.2,10.8,1.0,0.0236197595975979
12.2,11.0,1.0,0.0291836746619001
12.2,11.2,1.0,0.0380092207768791
12.2,11.4,1.0,0.0527733444271314
12.2,11.6,1.0,0.0786075822840983
12.2,11.8,1.0,0.124803683893476
12.2,12.0,1.0,0.205178739839399
12.2,12.2,1.0,0.330611090305726
12.2,12.4,1.0,0.490065494400394
12.4,4.8,1.0,0.325421222973437
12.4,5.0,1.0,0.0846289800670444
12.4,5.2,1.0,0.0556349385115947
12.4,5.4,1.0,0.0514314546138836
12.4,5.6,1.0,0.0511623353242631
12.4,5.8,1.0,0.0516835585801249
12.4,6.0,1.0,0.0524100851446519
12.4,6.2,1.0,0.0531645203471079
12.4,6.4,1.0,0.0537273391680709
12.4,6.6,1.0,0.0535828496978169
12.4,6.8,1.0,0.0515629990521593
12.4,7.0,1.0,0.045688411938511
12.4,7.2,1.0,0.0349053012859402
12.4,7.4,1.0,0.0228816089274015
12.4,7.6,1.0,0.0149419043302651
12.4,7.8,1.0,0.0113786396726496
12.4,8.0,1.0,0.0101517891187249
12.4,8.2,1.0,0.00994226056647166
12.4,8.4,1.0,0.0101783832640093
12.4,8.6,1.0,0.010635861064452
12.4,8.8,1.0,0.0112329166595088
12.4,9.0,1.0,0.0119469013639297
12.4,9.2,1.0,0.012782244502719
12.4,9.4,1.0,0.0137595475268148
12.4,9.6,1.0,0.0149142781040847
12.4,9.8,1.0,0.0163013680265617
12.4,10.0,1.0,0.018005838846584
12.4,10.2,1.0,0.020162488660465
12.4,10.4,1.0,0.0229916339890683
12.4,10.6,1.0,0.0268652746920519
12.4,10.8,1.0,0.0324331384499684
12.4,11.0,1.0,0.0408690463967515
12.4,11.2,1.0,0.0543566784233308
12.4,11.4,1.0,0.077013213351714
12.4,11.6,1.0,0.116389601526176
12.4,11.8,1.0,0.184702286090306
12.4,12.0,1.0,0.295359640496623
12.4,12.2,1.0,0.447602334617292
12.6,5.0,1.0,0.136792754849367
12.6,5.2,1.0,0.0652482800006081
12.6,5.4,1.0,0.0557518924757228
12.6,5.6,1.0,0.0548688927043934
12.6,5.8,1.0,0.055606526316057
12.6,6.0,1.0,0.0567550727033146
12.6,6.2,1.0,0.0580556805739799
12.6,6.4,1.0,0.0593516719194457
12.6,6.6,1.0,0.060315585353004
12.6,6.8,1.0,0.0601363171837224
12.6,7.0,1.0,0.0570741889733363
12.6,7.2,1.0,0.0487170531589328
12.6,7.4,1.0,0.0353194349129417
12.6,7.6,1.0,0.0228813645842883
12.6,7.8,1.0,0.0158876638197772
12.6,8.0,1.0,0.0131056134605222
12.6,8.2,1.0,0.0123727751363432
12.6,8.4,1.0,0.012545547625246
12.6,8.6,1.0,0.0131494551971981
12.6,8.8,1.0,0.014003459137346
12.6,9.0,1.0,0.0150490340903659
12.6,9.2,1.0,0.0162821396679651
12.6,9.4,1.0,0.0177286091754225
12.6,9.6,1.0,0.0194388445627558
12.6,9.8,1.0,0.0214935061677015
12.6,10.0,1.0,0.0240193549382494
12.6,10.2,1.0,0.0272195771074351
12.6,10.4,1.0,0.0314293575641061
12.6,10.6,1.0,0.0372189279477031
12.6,10.8,1.0,0.0455888466582664
12.6,11.0,1.0,0.0583450787711983
12.6,11.2,1.0,0.0788069835212331
12.6,11.4,1.0,0.113016026939186
12.6,11.6,1.0,0.17114151860856
12.6,11.8,1.0,0.266502748216566
12.6,12.0,1.0,0.405514265635396
12.8,5.0,1.0,0.269321030092098
12.8,5.2,1.0,0.0854533981563769
12.8,5.4,1.0,0.0628848097895424
12.8,5.6,1.0,0.0603221729040406
12.8,5.8,1.0,0.0612132954578357
12.8,6.0,1.0,0.062911850811059
12.8,6.2,1.0,0.0649222325185401
12.8,6.4,1.0,0.0670944070230849
12.8,6.6,1.0,0.0692197699531518
12.8,6.8,1.0,0.0707604936582156
12.8,7.0,1.0,0.0703946395242861
12.8,7.2,1.0,0.0655251730039869
12.8,7.4,1.0,0.0535500468539521
12.8,7.6,1.0,0.0372130057478092
12.8,7.8,1.0,0.0245956700783821
12.8,8.0,1.0,0.0184663808303272
12.8,8.2,1.0,0.0164004647622724
12.8,8.4,1.0,0.016236990898656
12.8,8.6,1.0,0.0169567790081688
12.8,8.8,1.0,0.0181492550467118
12.8,9.0,1.0,0.0196667483219277
12.8,9.2,1.0,0.0214765129735711
12.8,9.4,1.0,0.0236041642642868
12.8,9.6,1.0,0.0261175531927616
12.8,9.8,1.0,0.029132046448062
12.8,10.0,1.0,0.0328332626734516
12.8,10.2,1.0,0.0375227080668876
12.8,10.4,1.0,0.0437019910175054
12.8,10.6,1.0,0.052228082786236
12.8,10.8,1.0,0.0646025411439521
12.8,11.0,1.0,0.0835063834775927
12.8,11.2,1.0,0.113727175210355
12.8,11.4,1.0,0.163420915842058
12.8,11.6,1.0,0.244381438984837
12.8,11.8,1.0,0.366599664762104
13.0,5.2,1.0,0.132613780787067
13.0,5.4,1.0,0.0755022323330698
13.0,5.6,1.0,0.0685442686564501
13.0,5.8,1.0,0.0693083251197772
13.0,6.0,1.0,0.0717204630870911
13.0,6.2,1.0,0.0747038901949957
13.0,6.4,1.0,0.0780352335507228
13.0,6.6,1.0,0.0815711964279898
13.0,6.8,1.0,0.084964903686089
13.0,7.0,1.0,0.0872792393976836
13.0,7.2,1.0,0.0863004321716774
13.0,7.4,1.0,0.0782187061893801
13.0,7.6,1.0,0.0610165263110446
13.0,7.8,1.0,0.0414370482729424
13.0,8.0,1.0,0.0287655752396704
13.0,8.2,1.0,0.0234475360466761
13.0,8.4,1.0,0.0221697737624679
13.0,8.6,1.0,0.022786397275191
13.0,8.8,1.0,0.0243492560616168
13.0,9.0,1.0,0.0264881015160166
13.0,9.2,1.0,0.0290864691725208
13.0,9.4,1.0,0.0321491773846712
13.0,9.6,1.0,0.0357577095258974
13.0,9.8,1.0,0.0400693581331924
13.0,10.0,1.0,0.0453472428095865
13.0,10.2,1.0,0.0520259514366119
13.0,10.4,1.0,0.0608335494293635
13.0,10.6,1.0,0.0730133469947714
13.0,10.8,1.0,0.0907236906449185
13.0,11.0,1.0,0.117728498876392
13.0,11.2,1.0,0.160415205364394
13.0,11.4,1.0,0.228532512238215
13.0,11.6,1.0,0.332844217568049
13.0,11.8,1.0,0.474516455838346
13.2,5.2,1.0,0.250866682605897
13.2,5.4,1.0,0.100004725526438
13.2,5.6,1.0,0.0814099151204482
13.2,5.8,1.0,0.0811333748677643
13.2,6.0,1.0,0.084405228262326
13.2,6.2,1.0,0.0887351418103068
13.2,6.4,1.0,0.0936623292680234
13.2,6.6,1.0,0.0990525088935966
13.2,6.8,1.0,0.104683554494158
13.2,7.0,1.0,0.109915046378998
13.2,7.2,1.0,0.113052776918741
13.2,7.4,1.0,0.110363962370051
13.2,7.6,1.0,0.0965918063106588
13.2,7.8,1.0,0.0721004851882616
13.2,8.0,1.0,0.0490888486066262
13.2,8.2,1.0,0.0364733895433389
13.2,8.4,1.0,0.0320405417123945
13.2,8.6,1.0,0.0317827429524332
13.2,8.8,1.0,0.0335287507783872
13.2,9.0,1.0,0.03635662684531
13.2,9.2,1.0,0.0399242427486855
13.2,9.4,1.0,0.0441571047126045
13.2,9.6,1.0,0.0491301382711546
13.2,9.8,1.0,0.0550433873163685
13.2,10.0,1.0,0.0622548499833456
13.2,10.2,1.0,0.0713683705885745
13.2,10.4,1.0,0.0833998043632079
13.2,10.6,1.0,0.100072511490087
13.2,10.8,1.0,0.124322645275977
13.2,11.0,1.0,0.161075732451142
13.2,11.2,1.0,0.218055924971579
13.2,11.4,1.0,0.305159119910523
13.2,11.6,1.0,0.428503425025103
13.4,5.4,1.0,0.153152943735815
13.4,5.6,1.0,0.102663647074308
13.4,5.8,1.0,0.0986414144633301
13.4,6.0,1.0,0.102711967258388
13.4,6.2,1.0,0.108845935710731
13.4,6.4,1.0,0.115950637860302
13.4,6.6,1.0,0.123804200487293
13.4,6.8,1.0,0.13224647909505
13.4,7.0,1.0,0.140841917810919
13.4,7.2,1.0,0.148361142833742
13.4,7.4,1.0,0.15173259204169
13.4,7.6,1.0,0.144864498619776
13.4,7.8,1.0,0.121522315484514
13.4,8.0,1.0,0.0876630427784655
13.4,8.2,1.0,0.0613849436935505
13.4,8.4,1.0,0.0490691851504956
13.4,8.6,1.0,0.0457582215308564
13.4,8.8,1.0,0.0468623747931694
13.4,9.0,1.0,0.0501431824275237
13.4,9.2,1.0,0.0546841155968317
13.4,9.4,1.0,0.0601839351554478
13.4,9.6,1.0,0.0666541916374452
13.4,9.8,1.0,0.0743246154700798
13.4,10.0,1.0,0.0836610395474928
13.4,10.2,1.0,0.0954705743835256
13.4,10.4,1.0,0.111111346783665
13.4,10.6,1.0,0.132856047388518
13.4,10.8,1.0,0.164466004007873
13.4,11.0,1.0,0.211907452238961
13.4,11.2,1.0,0.283521642496893
13.4,11.4,1.0,0.387293371367486
13.6,5.4,1.0,0.277728463764995
13.6,5.6,1.0,0.140474039626963
13.6,5.8,1.0,0.124970410593424
13.6,6.0,1.0,0.129000464670445
13.6,6.2,1.0,0.137332990692415
13.6,6.4,1.0,0.147246780836272
13.6,6.6,1.0,0.158215359905237
13.6,6.8,1.0,0.17005469948982
13.6,7.0,1.0,0.182441517282131
13.6,7.2,1.0,0.194492722353646
13.6,7.4,1.0,0.203907258005856
13.6,7.6,1.0,0.2053765793549
13.6,7.8,1.0,0.189808179544481
13.6,8.0,1.0,0.15212744054733
13.6,8.2,1.0,0.107894694905546
13.6,8.4,1.0,0.0792057036026573
13.6,8.6,1.0,0.0676619258449908
13.6,8.8,1.0,0.0657899654641231
13.6,9.0,1.0,0.0685490801848965
13.6,9.2,1.0,0.0736504981802843
13.6,9.4,1.0,0.0802194356849493
13.6,9.6,1.0,0.0880665096478687
13.6,9.8,1.0,0.0974076157259873
13.6,10.0,1.0,0.108818167824932
13.6,10.2,1.0,0.12333528621663
13.6,10.4,1.0,0.14269947028112
13.6,10.6,1.0,0.169765048903208
13.6,10.8,1.0,0.209074672154261
13.6,11.0,1.0,0.267311537200428
13.6,11.2,1.0,0.352393893161215
13.6,11.4,1.0,0.468416693264182
13.8,5.6,1.0,0.213654061663237
13.8,5.8,1.0,0.165319659857607
13.8,6.0,1.0,0.166165178978977
13.8,6.2,1.0,0.176595577972846
13.8,6.4,1.0,0.189725494583689
13.8,6.6,1.0,0.204210806860903
13.8,6.8,1.0,0.219697951735764
13.8,7.0,1.0,0.235879271769945
13.8,7.2,1.0,0.252092299283022
13.8,7.4,1.0,0.266698779399952
13.8,7.6,1.0,0.275754256632885
13.8,7.8,1.0,0.270939299513221
13.8,8.0,1.0,0.240556822468412
13.8,8.2,1.0,0.184962902880354
13.8,8.4,1.0,0.131760427152361
13.8,8.6,1.0,0.10235279782757
13.8,8.8,1.0,0.0922190677425518
13.8,9.0,1.0,0.0920177913368908
13.8,9.2,1.0,0.0965212013613062
13.8,9.4,1.0,0.103522725956786
13.8,9.6,1.0,0.112319798177808
13.8,9.8,1.0,0.123001256702042
13.8,10.0,1.0,0.136224920364337
13.8,10.2,1.0,0.153267483188958
13.8,10.4,1.0,0.176270789032022
13.8,10.6,1.0,0.208662818170234
13.8,10.8,1.0,0.255640150110747
13.8,11.0,1.0,0.324131654041865
13.8,11.2,1.0,0.420508835462851
14.0,5.6,1.0,0.360990167399963
14.0,5.8,1.0,0.228635533245404
14.0,6.0,1.0,0.217252980163524
14.0,6.2,1.0,0.228241992883417
14.0,6.4,1.0,0.244272014575927
14.0,6.6,1.0,0.261992183440923
14.0,6.8,1.0,0.280620196395334
14.0,7.0,1.0,0.299773701894283
14.0,7.2,1.0,0.318919588363357
14.0,7.4,1.0,0.336928206113878
14.0,7.6,1.0,0.351163392833105
14.0,7.8,1.0,0.355613341654137
14.0,8.0,1.0,0.338711530618331
14.0,8.2,1.0,0.288189766249818
14.0,8.4,1.0,0.215054477051633
14.0,8.6,1.0,0.157046799834864
14.0,8.8,1.0,0.129126400937191
14.0,9.0,1.0,0.121032174200863
14.0,9.2,1.0,0.122597416494631
14.0,9.4,1.0,0.128833211702238
14.0,9.6,1.0,0.13786784343694
14.0,9.8,1.0,0.149403490086031
14.0,10.0,1.0,0.164090177698332
14.0,10.2,1.0,0.183421224378553
14.0,10.4,1.0,0.209932454703998
14.0,10.6,1.0,0.247581038403674
14.0,10.8,1.0,0.302026335461817
14.0,11.0,1.0,0.379891876149295
14.0,11.2,1.0,0.484990688794709
14.2,5.8,1.0,0.330216781066542
14.2,6.0,1.0,0.284913790068129
14.2,6.2,1.0,0.291867624073065
14.2,6.4,1.0,0.309183375546881
14.2,6.6,1.0,0.328859219250926
14.2,6.8,1.0,0.349195096174252
14.2,7.0,1.0,0.36964906772367
14.2,7.2,1.0,0.389778484880995
14.2,7.4,1.0,0.408840495588336
14.2,7.6,1.0,0.425218006500913
14.2,7.8,1.0,0.43514909399877
14.2,8.0,1.0,0.430329246582809
14.2,8.2,1.0,0.396346562304699
14.2,8.4,1.0,0.323908225119923
14.2,8.6,1.0,0.238496260863196
14.2,8.8,1.0,0.181283246697524
14.2,9.0,1.0,0.156928718988195
14.2,9.2,1.0,0.15141511195576
14.2,9.4,1.0,0.154930185392286
14.2,9.6,1.0,0.163213909469077
14.2,9.8,1.0,0.175052866353788
14.2,10.0,1.0,0.190882453235587
14.2,10.2,1.0,0.212336703462127
14.2,10.4,1.0,0.242307327324401
14.2,10.6,1.0,0.285204741415724
14.2,10.8,1.0,0.346911603215534
14.2,11.0,1.0,0.433161202868684
14.4,5.8,1.0,0.490033775756824
14.4,6.0,1.0,0.37139269332796
14.4,6.2,1.0,0.364470471837591
14.4,6.4,1.0,0.379817579348945
14.4,6.6,1.0,0.399325102202479
14.4,6.8,1.0,0.419387090570788
14.4,7.0,1.0,0.439155482011465
14.4,7.2,1.0,0.458253293161326
14.4,7.4,1.0,0.476229632378236
14.4,7.6,1.0,0.492173847549375
14.4,8.2,1.0,0.488995541064523
14.4,8.4,1.0,0.435226025071697
14.4,8.6,1.0,0.343597600315605
14.4,8.8,1.0,0.254283821417282
14.4,9.0,1.0,0.202905923004595
14.4,9.2,1.0,0.183630433188717
14.4,9.4,1.0,0.181295002363429
14.4,9.6,1.0,0.187432474942463
14.4,9.8,1.0,0.198953568389593
14.4,10.0,1.0,0.21567389847821
14.4,10.2,1.0,0.239207800055869
14.4,10.4,1.0,0.272724909648822
14.4,10.6,1.0,0.320980417795092
14.4,10.8,1.0,0.389794973517567
14.4,11.0,1.0,0.483413929896531
14.6,6.0,1.0,0.479651987632158
14.6,6.2,1.0,0.441656915946698
14.6,6.4,1.0,0.450072537692983
14.6,6.6,1.0,0.467006562111469
14.6,6.8,1.0,0.484976450311031
14.6,8.6,1.0,0.453025130461878
14.6,8.8,1.0,0.348716764564827
14.6,9.0,1.0,0.264078862074369
14.6,9.2,1.0,0.22184768404924
14.6,9.4,1.0,0.208669821276531
14.6,9.6,1.0,0.210489775789656
14.6,9.8,1.0,0.220844340886338
14.6,10.0,1.0,0.238205560318904
14.6,10.2,1.0,0.263867207226977
14.6,10.4,1.0,0.301136301124873
14.6,10.6,1.0,0.35495934782695
14.6,10.8,1.0,0.430754064944951
14.8,8.8,1.0,0.452367396053685
14.8,9.0,1.0,0.344273820234309
14.8,9.2,1.0,0.270902530317629
14.8,9.4,1.0,0.23949075594166
14.8,9.6,1.0,0.233414857540185
14.8,9.8,1.0,0.241194815696224
14.8,10.0,1.0,0.25878644269615
14.8,10.2,1.0,0.286627589307014
14.8,10.4,1.0,0.327913621825292
14.8,10.6,1.0,0.387556840265843
14.8,10.8,1.0,0.470158545084284
15.0,9.0,1.0,0.438785642658741
15.0,9.2,1.0,0.336346019829946
15.0,9.4,1.0,0.278159008077517
15.0,9.6,1.0,0.258483726325274
15.0,9.8,1.0,0.26119438841303
15.0,10.0,1.0,0.278177174585153
15.0,10.2,1.0,0.308116727062709
15.0,10.4,1.0,0.353660333036624
15.0,10.6,1.0,0.419343273168434
15.2,9.2,1.0,0.419264873064122
15.2,9.4,1.0,0.330557206767638
15.2,9.6,1.0,0.289496031875516
15.2,9.8,1.0,0.282868888173065
15.2,10.0,1.0,0.297563695185603
15.2,10.2,1.0,0.329183373974339
15.2,10.4,1.0,0.379087435209471
15.2,10.6,1.0,0.450904930156558
15.4,9.4,1.0,0.401122301499827
15.4,9.6,1.0,0.331856061436969
15.4,9.8,1.0,0.309376956519961
15.4,10.0,1.0,0.318678659528824
15.4,10.2,1.0,0.350903875460583
15.4,10.4,1.0,0.404964745941493
15.4,10.6,1.0,0.482770535664447
15.6,9.4,1.0,0.486599485690572
15.6,9.6,1.0,0.391294805678881
15.6,9.8,1.0,0.345341264515797
15.6,10.0,1.0,0.344092351327561
15.6,10.2,1.0,0.374703518512386
15.6,10.4,1.0,0.432142454209476
15.8,9.6,1.0,0.46934643881634
15.8,9.8,1.0,0.396509715949197
15.8,10.0,1.0,0.377602052011968
15.8,10.2,1.0,0.402600797111482
15.8,10.4,1.0,0.461641019921247
16.0,9.8,1.0,0.467038883734787
16.0,10.0,1.0,0.4243063830498
16.0,10.2,1.0,0.437534356492677
16.0,10.4,1.0,0.494808468096638
16.2,10.0,1.0,0.489114263306913
16.2,10.2,1.0,0.483514359178219
