4.0,8.2,1.0,0.446192657520833
4.0,8.4,1.0,0.407925569355306
4.0,8.6,1.0,0.396655006869762
4.0,8.8,1.0,0.419395960527398
4.0,9.0,1.0,0.480438883346282
4.2,7.8,1.0,0.426219288867806
4.2,8.0,1.0,0.339149557470945
4.2,8.2,1.0,0.263493470173399
4.2,8.4,1.0,0.203987467800079
4.2,8.6,1.0,0.161735633095759
4.2,8.8,1.0,0.13568103312401
4.2,9.0,1.0,0.124735641870288
4.2,9.2,1.0,0.129800675258761
4.2,9.4,1.0,0.15572588523379
4.2,9.6,1.0,0.212514466566608
4.2,9.8,1.0,0.310820139388218
4.2,10.0,1.0,0.445041514058433
4.4,7.4,1.0,0.495743248307352
4.4,7.6,1.0,0.40118727286792
4.4,7.8,1.0,0.310585470295162
4.4,8.0,1.0,0.231729703041729
4.4,8.2,1.0,0.168851921097999
4.4,8.4,1.0,0.122193913670326
4.4,8.6,1.0,0.0894271554690828
4.4,8.8,1.0,0.0674070246370087
4.4,9.0,1.0,0.0533191805460508
4.4,9.2,1.0,0.0451668684360144
4.4,9.4,1.0,0.0419324971119431
4.4,9.6,1.0,0.0437766424026028
4.4,9.8,1.0,0.0526484636283373
4.4,10.0,1.0,0.0737803580529112
4.4,10.2,1.0,0.118109046957181
4.4,10.4,1.0,0.201905837259989
4.4,10.6,1.0,0.332300789818254
4.4,10.8,1.0,0.483977609710505
4.6,7.2,1.0,0.480144752169089
4.6,7.4,1.0,0.385004227245468
4.6,7.6,1.0,0.295033813824147
4.6,7.8,1.0,0.21766766667435
4.6,8.0,1.0,0.156532268405007
4.6,8.2,1.0,0.111343930331809
4.6,8.4,1.0,0.0794705243077254
4.6,8.6,1.0,0.0576268678639032
4.6,8.8,1.0,0.0428865028947089
4.6,9.0,1.0,0.0330270370335944
4.6,9.2,1.0,0.0265126732333404
4.6,9.4,1.0,0.0223588970583149
4.6,9.6,1.0,0.0200052730363794
4.6,9.8,1.0,0.019251531950053
4.6,10.0,1.0,0.0203004094289086
4.6,10.2,1.0,0.0240004198449511
4.6,10.4,1.0,0.0325261252980462
4.6,10.6,1.0,0.050991511655468
4.6,10.8,1.0,0.0903461344209986
4.6,11.0,1.0,0.168397866675269
4.6,11.2,1.0,0.296451907192784
4.6,11.4,1.0,0.452179896958651
4.8,7.0,1.0,0.465378963187214
4.8,7.2,1.0,0.37036481348676
4.8,7.4,1.0,0.281811646311976
4.8,7.6,1.0,0.206686414625603
4.8,7.8,1.0,0.147971630350586
4.8,8.0,1.0,0.104902193118046
4.8,8.2,1.0,0.0746398623650433
4.8,8.4,1.0,0.0538924194244145
4.8,8.6,1.0,0.0398088304527694
4.8,8.8,1.0,0.0302457151860517
4.8,9.0,1.0,0.0237120037740773
4.8,9.2,1.0,0.0192149471755916
4.8,9.4,1.0,0.0161113310607602
4.8,9.6,1.0,0.0139955987774398
4.8,9.8,1.0,0.0126267455043369
4.8,10.0,1.0,0.0118887207681887
4.8,10.2,1.0,0.0117826285256198
4.8,10.4,1.0,0.0124605848066138
4.8,10.6,1.0,0.0143379601693366
4.8,10.8,1.0,0.0183874152531913
4.8,11.0,1.0,0.0268805644886908
4.8,11.2,1.0,0.0451423661121336
4.8,11.4,1.0,0.0847634232565106
4.8,11.6,1.0,0.164818591624032
4.8,11.8,1.0,0.29718727481849
4.8,12.0,1.0,0.457541616593239
5.0,6.8,1.0,0.450708030460042
5.0,7.0,1.0,0.356111730584028
5.0,7.2,1.0,0.269236173884484
5.0,7.4,1.0,0.196520946338495
5.0,7.6,1.0,0.140306838299462
5.0,7.8,1.0,0.0993901623030394
5.0,8.0,1.0,0.0707726860941353
5.0,8.2,1.0,0.0511884043749412
5.0,8.4,1.0,0.0378854421390211
5.0,8.6,1.0,0.0288236137444856
5.0,8.8,1.0,0.0225921601950627
5.0,9.0,1.0,0.0182509694485775
5.0,9.2,1.0,0.0151843534961219
5.0,9.4,1.0,0.012991602682294
5.0,9.6,1.0,0.0114125591252043
5.0,9.8,1.0,0.0102797442284272
5.0,10.0,1.0,0.00948909142058745
5.0,10.2,1.0,0.00898380512946233
5.0,10.4,1.0,0.00874865327739766
5.0,10.6,1.0,0.00881523181451003
5.0,10.8,1.0,0.0092839231414188
5.0,11.0,1.0,0.0103795340685048
5.0,11.2,1.0,0.012586096317941
5.0,11.4,1.0,0.0169818052849937
5.0,11.6,1.0,0.026084808878032
5.0,11.8,1.0,0.0458717826324789
5.0,12.0,1.0,0.0894363743436986
5.0,12.2,1.0,0.177869299561577
5.0,12.4,1.0,0.322065634958262
5.0,12.6,1.0,0.491713266472918
5.2,6.6,1.0,0.436039153424812
5.2,6.8,1.0,0.342084055913101
5.2,7.0,1.0,0.25705402522685
5.2,7.2,1.0,0.186816733592192
5.2,7.4,1.0,0.133086377315599
5.2,7.6,1.0,0.0942647793320771
5.2,7.8,1.0,0.0672313592383576
5.2,8.0,1.0,0.048765996246285
5.2,8.2,1.0,0.0362225537924632
5.2,8.4,1.0,0.0276652922828214
5.2,8.6,1.0,0.0217649720076355
5.2,8.8,1.0,0.0176382504599538
5.2,9.0,1.0,0.0147062068354999
5.2,9.2,1.0,0.0125902083652055
5.2,9.4,1.0,0.0110413734726337
5.2,9.6,1.0,0.00989476429452417
5.2,9.8,1.0,0.00904029797081277
5.2,10.0,1.0,0.00840456771724161
5.2,10.2,1.0,0.00793977542689518
5.2,10.4,1.0,0.00761749505430043
5.2,10.6,1.0,0.00742611959455814
5.2,10.8,1.0,0.00737184113592601
5.2,11.0,1.0,0.00748425937892274
5.2,11.2,1.0,0.00782997241961298
5.2,11.4,1.0,0.0085426327271911
5.2,11.6,1.0,0.0098909676550484
5.2,11.8,1.0,0.0124412831413826
5.2,12.0,1.0,0.01746697185129
5.2,12.2,1.0,0.0280053852760594
5.2,12.4,1.0,0.0514268762792494
5.2,12.6,1.0,0.104040619427374
5.2,12.8,1.0,0.211182008071093
5.2,13.0,1.0,0.381040607934637
5.4,6.4,1.0,0.421385583542238
5.4,6.6,1.0,0.32828037289863
5.4,6.8,1.0,0.245237117717174
5.4,7.0,1.0,0.177517349774256
5.4,7.2,1.0,0.126231452123303
5.4,7.4,1.0,0.0894313217254101
5.4,7.6,1.0,0.0639079655233436
5.4,7.8,1.0,0.0465025813473057
5.4,8.0,1.0,0.0346777345913758
5.4,8.2,1.0,0.026599907815094
5.4,8.4,1.0,0.0210182792640746
5.4,8.6,1.0,0.0171040968908791
5.4,8.8,1.0,0.0143145300120744
5.4,9.0,1.0,0.0122940864148951
5.4,9.2,1.0,0.0108083275364247
5.4,9.4,1.0,0.00970090139494917
5.4,9.6,1.0,0.00886615043291434
5.4,9.8,1.0,0.00823174842820895
5.4,10.0,1.0,0.00774770699538495
5.4,10.2,1.0,0.00737944006076745
5.4,10.4,1.0,0.00710347214835975
5.4,10.6,1.0,0.00690496651875953
5.4,10.8,1.0,0.006776658548755
5.4,11.0,1.0,0.00671911496244175
5.4,11.2,1.0,0.00674261391163852
5.4,11.4,1.0,0.00687153253389686
5.4,11.6,1.0,0.00715331795450847
5.4,11.8,1.0,0.00767685358101231
5.4,12.0,1.0,0.00861188088502418
5.4,12.2,1.0,0.0102994294544847
5.4,12.4,1.0,0.0134746435370678
5.4,12.6,1.0,0.0198515284971276
5.4,12.8,1.0,0.0337039640974073
5.4,13.0,1.0,0.065877235908548
5.4,13.2,1.0,0.140876458164315
5.4,13.4,1.0,0.293147151104245
5.6,6.2,1.0,0.406778864628768
5.6,6.4,1.0,0.31472390418945
5.6,6.6,1.0,0.233791286957294
5.6,6.8,1.0,0.168611792747956
5.6,7.0,1.0,0.119720829057117
5.6,7.2,1.0,0.0848646689451833
5.6,7.4,1.0,0.0607767673533244
5.6,7.6,1.0,0.0443723552689388
5.6,7.8,1.0,0.0332240892915915
5.6,8.0,1.0,0.0255976169227161
5.6,8.2,1.0,0.0203167961435952
5.6,8.4,1.0,0.0166044515894851
5.6,8.6,1.0,0.0139518317325404
5.6,8.8,1.0,0.0120254826633191
5.6,9.0,1.0,0.0106050842211469
5.6,9.2,1.0,0.00954327960551201
5.6,9.4,1.0,0.00874007375673213
5.6,9.6,1.0,0.00812656446552197
5.6,9.8,1.0,0.00765456946716766
5.6,10.0,1.0,0.00728997200492768
5.6,10.2,1.0,0.00700842954394228
5.6,10.4,1.0,0.00679261148406494
5.6,10.6,1.0,0.00663046090520809
5.6,10.8,1.0,0.00651418884634328
5.6,11.0,1.0,0.0064398595356919
5.6,11.2,1.0,0.0064075505427606
5.6,11.4,1.0,0.00642221145634148
5.6,11.6,1.0,0.00649555390025261
5.6,11.8,1.0,0.00664969298210489
5.6,12.0,1.0,0.00692407507726386
5.6,12.2,1.0,0.00738909671060128
5.6,12.4,1.0,0.00817443435275318
5.6,12.6,1.0,0.00953231785279716
5.6,12.8,1.0,0.0119906001321018
5.6,13.0,1.0,0.0167548982394288
5.6,13.2,1.0,0.0268451691302876
5.6,13.4,1.0,0.0504128120398217
5.6,13.6,1.0,0.109448082619535
5.6,13.8,1.0,0.250746898559585
5.8,5.8,1.0,0.487497679369141
5.8,6.0,1.0,0.3922552022895
5.8,6.2,1.0,0.301441122358564
5.8,6.4,1.0,0.222726141620774
5.8,6.6,1.0,0.160095016821088
5.8,6.8,1.0,0.113541880497808
5.8,7.0,1.0,0.0805506905356862
5.8,7.2,1.0,0.0578251592152065
5.8,7.4,1.0,0.0423649253107761
5.8,7.6,1.0,0.0318529986376003
5.8,7.8,1.0,0.0246507744663643
5.8,8.0,1.0,0.0196529962849222
5.8,8.2,1.0,0.0161310340739298
5.8,8.4,1.0,0.0136080997674459
5.8,8.6,1.0,0.0117714133903629
5.8,8.8,1.0,0.0104139582225167
5.8,9.0,1.0,0.00939695534859536
5.8,9.2,1.0,0.00862596670717835
5.8,9.4,1.0,0.00803569781856388
5.8,9.6,1.0,0.00758028625395342
5.8,9.8,1.0,0.00722704380744405
5.8,10.0,1.0,0.00695238524484332
5.8,10.2,1.0,0.0067391573354539
5.8,10.4,1.0,0.00657488106874393
5.8,10.6,1.0,0.00645060690844154
5.8,10.8,1.0,0.00636020227969355
5.8,11.0,1.0,0.00629997076686028
5.8,11.2,1.0,0.00626856295002254
5.8,11.4,1.0,0.00626719462259913
5.8,11.6,1.0,0.00630025560142533
5.8,11.8,1.0,0.00637649617283799
5.8,12.0,1.0,0.00651116593683573
5.8,12.2,1.0,0.00672985521055904
5.8,12.4,1.0,0.00707559724029793
5.8,12.6,1.0,0.00762264702011689
5.8,12.8,1.0,0.00850491586865071
5.8,13.0,1.0,0.00997907510335338
5.8,13.2,1.0,0.0125765739338538
5.8,13.4,1.0,0.0175039193919378
5.8,13.6,1.0,0.0277940272793409
5.8,13.8,1.0,0.0518342963159964
5.8,14.0,1.0,0.113691438310072
5.8,14.2,1.0,0.270303478503283
6.0,5.6,1.0,0.473013188765112
6.0,5.8,1.0,0.37785488165392
6.0,6.0,1.0,0.288459147509555
6.0,6.2,1.0,0.212050809714257
6.0,6.4,1.0,0.151962099526071
6.0,6.6,1.0,0.107683163903436
6.0,6.8,1.0,0.0764772345902304
6.0,7.0,1.0,0.0550429787325436
6.0,7.2,1.0,0.0404726675754418
6.0,7.4,1.0,0.0305589817730518
6.0,7.6,1.0,0.0237554166587488
6.0,7.8,1.0,0.0190238598759635
6.0,8.0,1.0,0.0156813080001616
6.0,8.2,1.0,0.0132809061821946
6.0,8.4,1.0,0.0115292161848171
6.0,8.6,1.0,0.0102316802876266
6.0,8.8,1.0,0.00925757864234611
6.0,9.0,1.0,0.00851772895779944
6.0,9.2,1.0,0.00795029649012359
6.0,9.4,1.0,0.00751171255313352
6.0,9.6,1.0,0.00717080864740114
6.0,9.8,1.0,0.00690498623000232
6.0,10.0,1.0,0.00669768855579949
6.0,10.2,1.0,0.00653671778189098
6.0,10.4,1.0,0.00641311227329727
6.0,10.6,1.0,0.00632040677685586
6.0,10.8,1.0,0.00625416736398026
6.0,11.0,1.0,0.00621173979671085
6.0,11.2,1.0,0.00619218479940916
6.0,11.4,1.0,0.00619640454578709
6.0,11.6,1.0,0.00622749917160902
6.0,11.8,1.0,0.00629144054073263
6.0,12.0,1.0,0.00639823036609728
6.0,12.2,1.0,0.00656385565284198
6.0,12.4,1.0,0.00681363980795349
6.0,12.6,1.0,0.00718817826114921
6.0,12.8,1.0,0.00775433635459027
6.0,13.0,1.0,0.00862676203494932
6.0,13.2,1.0,0.0100126598386659
6.0,13.4,1.0,0.0123116718256922
6.0,13.6,1.0,0.0163562857351359
6.0,13.8,1.0,0.0240384511302003
6.0,14.0,1.0,0.0400652979570125
6.0,14.2,1.0,0.0770200948741225
6.0,14.4,1.0,0.167885050851458
6.0,14.6,1.0,0.372385802771506
6.2,5.4,1.0,0.458510026501886
6.2,5.6,1.0,0.363625844095016
6.2,5.8,1.0,0.275807227545341
6.2,6.0,1.0,0.201774315831556
6.2,6.2,1.0,0.144207927319252
6.2,6.4,1.0,0.102133579102857
6.2,6.6,1.0,0.0726328654218377
6.2,6.8,1.0,0.0524208925043928
6.2,7.0,1.0,0.0386887664561954
6.2,7.2,1.0,0.029337327148179
6.2,7.4,1.0,0.0229083516152507
6.2,7.6,1.0,0.018427210109442
6.2,7.8,1.0,0.0152537380678178
6.2,8.0,1.0,0.0129690944248106
6.2,8.2,1.0,0.0112979253969357
6.2,8.4,1.0,0.0100573291666269
6.2,8.6,1.0,0.00912413876983379
6.2,8.8,1.0,0.00841411235543015
6.2,9.0,1.0,0.00786868323106595
6.2,9.2,1.0,0.00744646798708026
6.2,9.4,1.0,0.00711777030020032
6.2,9.6,1.0,0.00686098240570979
6.2,9.8,1.0,0.00666020106221967
6.2,10.0,1.0,0.00650363161630416
6.2,10.2,1.0,0.00638251285680224
6.2,10.4,1.0,0.00629039474121802
6.2,10.6,1.0,0.00622266426333357
6.2,10.8,1.0,0.00617625621704369
6.2,11.0,1.0,0.00614951456033793
6.2,11.2,1.0,0.00614219267631045
6.2,11.4,1.0,0.0061556019037646
6.2,11.6,1.0,0.00619294216723756
6.2,11.8,1.0,0.00625988301425549
6.2,12.0,1.0,0.00636551898393392
6.2,12.2,1.0,0.00652392088945752
6.2,12.4,1.0,0.00675668617198641
6.2,12.6,1.0,0.00709724458194185
6.2,12.8,1.0,0.00759839047737971
6.2,13.0,1.0,0.00834601993968687
6.2,13.2,1.0,0.00948535927790285
6.2,13.4,1.0,0.011273546130541
6.2,13.6,1.0,0.0141904968530613
6.2,13.8,1.0,0.0191846810257479
6.2,14.0,1.0,0.0282429895088418
6.2,14.2,1.0,0.0457488808307838
6.2,14.4,1.0,0.0816421752946398
6.2,14.6,1.0,0.157469417150024
6.2,14.8,1.0,0.30898095082498
6.4,5.2,1.0,0.44407910475499
6.4,5.4,1.0,0.34963214129935
6.4,5.6,1.0,0.263521018180803
6.4,5.8,1.0,0.191907723546348
6.4,6.0,1.0,0.136828215899453
6.4,6.2,1.0,0.0968827579265587
6.4,6.4,1.0,0.0690068984702914
6.4,6.6,1.0,0.0499502358756363
6.4,6.8,1.0,0.0370069385912732
6.4,7.0,1.0,0.0281837275077551
6.4,7.2,1.0,0.0221066997384664
6.4,7.4,1.0,0.0178611304922697
6.4,7.6,1.0,0.0148470338268563
6.4,7.8,1.0,0.0126717711549979
6.4,8.0,1.0,0.0110768925082171
6.4,8.2,1.0,0.00989039823825754
6.4,8.4,1.0,0.00899619712315336
6.4,8.6,1.0,0.00831468661109093
6.4,8.8,1.0,0.00779037882736231
6.4,9.0,1.0,0.00738395866076656
6.4,9.2,1.0,0.00706713339992464
6.4,9.4,1.0,0.00681925232310369
6.4,9.6,1.0,0.00662506017622039
6.4,9.8,1.0,0.00647318687869282
6.4,10.0,1.0,0.00635512341412303
6.4,10.2,1.0,0.0062645259840863
6.4,10.4,1.0,0.00619674884608926
6.4,10.6,1.0,0.00614854415743483
6.4,10.8,1.0,0.00611789291175422
6.4,11.0,1.0,0.00610395007814549
6.4,11.2,1.0,0.00610710319633697
6.4,11.4,1.0,0.00612916029614609
6.4,11.6,1.0,0.00617370391842474
6.4,11.8,1.0,0.00624667883273094
6.4,12.0,1.0,0.00635733144525218
6.4,12.2,1.0,0.00651970697755414
6.4,12.4,1.0,0.00675507180110487
6.4,12.6,1.0,0.00709593483611641
6.4,12.8,1.0,0.00759294360150152
6.4,13.0,1.0,0.00832714721463742
6.4,13.2,1.0,0.00943264650291848
6.4,13.4,1.0,0.0111400213691049
6.4,13.6,1.0,0.0138624743655266
6.4,13.8,1.0,0.0183712612217263
6.4,14.0,1.0,0.0261568062362443
6.4,14.2,1.0,0.0401571036906205
6.4,14.4,1.0,0.0661059530289122
6.4,14.6,1.0,0.114460241500211
6.4,14.8,1.0,0.201043777564248
6.4,15.0,1.0,0.340121957651468
6.6,5.0,1.0,0.42987663219558
6.6,5.2,1.0,0.335971813370294
6.6,5.4,1.0,0.251651650834888
6.6,5.6,1.0,0.182468622343895
6.6,5.8,1.0,0.129821684263541
6.6,6.0,1.0,0.091922071504798
6.6,6.2,1.0,0.0655898314899936
6.6,6.4,1.0,0.0476231709930055
6.6,6.6,1.0,0.0354214649010894
6.6,6.8,1.0,0.0270942516945494
6.6,7.0,1.0,0.0213478311636235
6.6,7.2,1.0,0.0173238745981411
6.6,7.4,1.0,0.0144600281897135
6.6,7.6,1.0,0.0123881426361065
6.6,7.8,1.0,0.010865561716331
6.6,8.0,1.0,0.00973048092645572
6.6,8.2,1.0,0.00887343702157584
6.6,8.4,1.0,0.00821918313724233
6.6,8.6,1.0,0.00771513039018961
6.6,8.8,1.0,0.00732391845460681
6.6,9.0,1.0,0.00701858814009182
6.6,9.2,1.0,0.0067794054340169
6.6,9.4,1.0,0.00659174477970443
6.6,9.6,1.0,0.00644466076971958
6.6,9.8,1.0,0.00632991450586025
6.6,10.0,1.0,0.00624130638826888
6.6,10.2,1.0,0.00617422115548655
6.6,10.4,1.0,0.00612532591481482
6.6,10.6,1.0,0.00609238529083482
6.6,10.8,1.0,0.00607417452910179
6.6,11.0,1.0,0.00607048473103155
6.6,11.2,1.0,0.00608222696941015
6.6,11.4,1.0,0.00611165643717729
6.6,11.6,1.0,0.00616275739238882
6.6,11.8,1.0,0.00624185984640494
6.6,12.0,1.0,0.00635860924591375
6.6,12.2,1.0,0.00652749884299807
6.6,12.4,1.0,0.0067703363009176
6.6,12.6,1.0,0.00712032224331502
6.6,12.8,1.0,0.0076290146410216
6.6,13.0,1.0,0.00837864409690805
6.6,13.2,1.0,0.00950467603601648
6.6,13.4,1.0,0.0112385421931284
6.6,13.6,1.0,0.0139908233774532
6.6,13.8,1.0,0.0185157332686181
6.6,14.0,1.0,0.0262340246115954
6.6,14.2,1.0,0.0398343162022917
6.6,14.4,1.0,0.0642327961383311
6.6,14.6,1.0,0.107514049875617
6.6,14.8,1.0,0.180039020856288
6.6,15.0,1.0,0.288471413305267
6.6,15.2,1.0,0.425980775598364
6.8,4.8,1.0,0.416193468139523
6.8,5.0,1.0,0.322813982599556
6.8,5.2,1.0,0.240284368523085
6.8,5.4,1.0,0.173490148902421
6.8,5.6,1.0,0.123194319978841
6.8,5.8,1.0,0.0872466035358368
6.8,6.0,1.0,0.0623742384396112
6.8,6.2,1.0,0.0454330843401256
6.8,6.4,1.0,0.033927363649056
6.8,6.6,1.0,0.0260654162845494
6.8,6.8,1.0,0.0206293903521372
6.8,7.0,1.0,0.0168138670549125
6.8,7.2,1.0,0.0140916642607706
6.8,7.4,1.0,0.0121174901817854
6.8,7.6,1.0,0.010663433025805
6.8,7.8,1.0,0.00957721756730404
6.8,8.0,1.0,0.00875558729818627
6.8,8.2,1.0,0.00812738391955001
6.8,8.4,1.0,0.00764274749166436
6.8,8.6,1.0,0.00726616416089285
6.8,8.8,1.0,0.00697194001712927
6.8,9.0,1.0,0.00674121648632661
6.8,9.2,1.0,0.00655997573224756
6.8,9.4,1.0,0.0064176902334645
6.8,9.6,1.0,0.00630639805009853
6.8,9.8,1.0,0.00622006474256087
6.8,10.0,1.0,0.00615414308627576
6.8,10.2,1.0,0.00610527402403849
6.8,10.4,1.0,0.00607109372061429
6.8,10.6,1.0,0.00605012654680368
6.8,10.8,1.0,0.00604175524511182
6.8,11.0,1.0,0.00604626956673786
6.8,11.2,1.0,0.00606500523688144
6.8,11.4,1.0,0.00610059841258293
6.8,11.6,1.0,0.00615740005452554
6.8,11.8,1.0,0.00624212524028168
6.8,12.0,1.0,0.00636486422932188
6.8,12.2,1.0,0.00654067375732205
6.8,12.4,1.0,0.00679213528565374
6.8,12.6,1.0,0.0071535854906074
6.8,12.8,1.0,0.00767834432214356
6.8,13.0,1.0,0.00845150236719049
6.8,13.2,1.0,0.00961334214011702
6.8,13.4,1.0,0.0114036237484751
6.8,13.6,1.0,0.014247440355142
6.8,13.8,1.0,0.0189235680839366
6.8,14.0,1.0,0.0268896403135831
6.8,14.2,1.0,0.0408686180876305
6.8,14.4,1.0,0.06571971691106
6.8,14.6,1.0,0.109078426926564
6.8,14.8,1.0,0.179849912917019
6.8,15.0,1.0,0.28193408656726
6.8,15.2,1.0,0.406127771124192
7.0,4.6,1.0,0.403598453063012
7.0,4.8,1.0,0.310475210739078
7.0,5.0,1.0,0.229576568754469
7.0,5.2,1.0,0.165039147870682
7.0,5.4,1.0,0.116967841240875
7.0,5.6,1.0,0.0828590440600404
7.0,5.8,1.0,0.0593565552366887
7.0,6.0,1.0,0.0433754102419296
7.0,6.2,1.0,0.0325207750956635
7.0,6.4,1.0,0.0250943681876779
7.0,6.6,1.0,0.0199493838442537
7.0,6.8,1.0,0.016329745440247
7.0,7.0,1.0,0.0137410140612009
7.0,7.2,1.0,0.0118591762829747
7.0,7.4,1.0,0.0104700605614517
7.0,7.6,1.0,0.00943028771567972
7.0,7.8,1.0,0.00864240862466822
7.0,8.0,1.0,0.00803910049619388
7.0,8.2,1.0,0.00757307096252861
7.0,8.4,1.0,0.00721054931661933
7.0,8.6,1.0,0.00692704104633476
7.0,8.8,1.0,0.00670452205227309
7.0,9.0,1.0,0.00652955870945446
7.0,9.2,1.0,0.00639203113525834
7.0,9.4,1.0,0.00628425541849748
7.0,9.6,1.0,0.00620037444322502
7.0,9.8,1.0,0.00613593358819389
7.0,10.0,1.0,0.00608758753783627
7.0,10.2,1.0,0.0060529041755991
7.0,10.4,1.0,0.00603024509202867
7.0,10.6,1.0,0.00601871225497836
7.0,10.8,1.0,0.00601815870155308
7.0,11.0,1.0,0.00602926922482653
7.0,11.2,1.0,0.00605372648650717
7.0,11.4,1.0,0.00609449081467335
7.0,11.6,1.0,0.00615624132687902
7.0,11.8,1.0,0.00624605750785948
7.0,12.0,1.0,0.00637447423288182
7.0,12.2,1.0,0.00655713912429902
7.0,12.4,1.0,0.00681747773785561
7.0,12.6,1.0,0.00719110721578643
7.0,12.8,1.0,0.00773339235933395
7.0,13.0,1.0,0.00853284187866412
7.0,13.2,1.0,0.00973569182498667
7.0,13.4,1.0,0.0115924474229335
7.0,13.6,1.0,0.0145481117130151
7.0,13.8,1.0,0.0194186897971308
7.0,14.0,1.0,0.0277297607415597
7.0,14.2,1.0,0.042317118880052
7.0,14.4,1.0,0.0681814399035823
7.0,14.6,1.0,0.112984190138452
7.0,14.8,1.0,0.185148989175864
7.0,15.0,1.0,0.287226847541988
7.0,15.2,1.0,0.408458832366641
7.2,4.2,1.0,0.493687164998423
7.2,4.4,1.0,0.393232648151126
7.2,4.6,1.0,0.299576000229623
7.2,4.8,1.0,0.219835325966075
7.2,5.0,1.0,0.157252867290291
7.2,5.2,1.0,0.111196665673704
7.2,5.4,1.0,0.0787774809071661
7.2,5.6,1.0,0.0565406755855971
7.2,5.8,1.0,0.0414493144716248
7.2,6.0,1.0,0.0311997665076945
7.2,6.2,1.0,0.0241792791535163
7.2,6.4,1.0,0.0193063785111515
7.2,6.6,1.0,0.015870462137897
7.2,6.8,1.0,0.0134073316024294
7.2,7.0,1.0,0.0116126721567422
7.2,7.2,1.0,0.0102850661986972
7.2,7.4,1.0,0.00928941570821488
7.2,7.6,1.0,0.00853369389183372
7.2,7.8,1.0,0.00795417040359637
7.2,8.0,1.0,0.00750596562609567
7.2,8.2,1.0,0.0071569526557605
7.2,8.4,1.0,0.0068837725629042
7.2,8.6,1.0,0.00666919530603919
7.2,8.8,1.0,0.00650034716131803
7.2,9.0,1.0,0.00636750346285894
7.2,9.2,1.0,0.00626325563285623
7.2,9.4,1.0,0.00618193025648719
7.2,9.6,1.0,0.00611918137929997
7.2,9.8,1.0,0.0060717050491743
7.2,10.0,1.0,0.0060370433826605
7.2,10.2,1.0,0.00601345783438955
7.2,10.4,1.0,0.00599986027674068
7.2,10.6,1.0,0.00599579757775777
7.2,10.8,1.0,0.0060014918352129
7.2,11.0,1.0,0.00601794542758042
7.2,11.2,1.0,0.00604712892523781
7.2,11.4,1.0,0.00609228262039419
7.2,11.6,1.0,0.00615838221770998
7.2,11.8,1.0,0.00625285185660244
7.2,12.0,1.0,0.00638666389245847
7.2,12.2,1.0,0.00657606549266827
7.2,12.4,1.0,0.00684535801926562
7.2,12.6,1.0,0.00723150883823987
7.2,12.8,1.0,0.00779206599731696
7.2,13.0,1.0,0.00861922689603708
7.2,13.2,1.0,0.00986571959824053
7.2,13.4,1.0,0.0117938997533932
7.2,13.6,1.0,0.014871028225566
7.2,13.8,1.0,0.0199554821778275
7.2,14.0,1.0,0.0286522829391687
7.2,14.2,1.0,0.0439358155768338
7.2,14.4,1.0,0.0710045780964981
7.2,14.6,1.0,0.11766250560908
7.2,14.8,1.0,0.192068150248224
7.2,15.0,1.0,0.295747775381873
7.2,15.2,1.0,0.416682417130686
7.4,4.0,1.0,0.493592815419409
7.4,4.2,1.0,0.387412530879884
7.4,4.4,1.0,0.291361629218443
7.4,4.6,1.0,0.211675701056052
7.4,4.8,1.0,0.150413461599241
7.4,5.0,1.0,0.106002201036807
7.4,5.2,1.0,0.0750511287220458
7.4,5.4,1.0,0.0539452373293965
7.4,5.6,1.0,0.0396611336770431
7.4,5.8,1.0,0.0299659956113972
7.4,6.0,1.0,0.0233201722375725
7.4,6.2,1.0,0.0186999235030084
7.4,6.4,1.0,0.0154355053438299
7.4,6.6,1.0,0.0130901712339483
7.4,6.8,1.0,0.0113776221622937
7.4,7.0,1.0,0.0101081748377864
7.4,7.2,1.0,0.0091543897004736
7.4,7.4,1.0,0.00842927783847855
7.4,7.6,1.0,0.00787246101632932
7.4,7.8,1.0,0.00744132020006091
7.4,8.0,1.0,0.00710527488187108
7.4,8.2,1.0,0.00684203898403275
7.4,8.4,1.0,0.00663513634266224
7.4,8.6,1.0,0.00647222820197355
7.4,8.8,1.0,0.00634397112785707
7.4,9.0,1.0,0.00624322649630309
7.4,9.2,1.0,0.00616450685270145
7.4,9.4,1.0,0.00610358493290538
7.4,9.6,1.0,0.00605721707904099
7.4,9.8,1.0,0.00602294973582803
7.4,10.0,1.0,0.00599898912605244
7.4,10.2,1.0,0.00598412226701815
7.4,10.4,1.0,0.00597768365811019
7.4,10.6,1.0,0.00597956729777561
7.4,10.8,1.0,0.00599028907043705
7.4,11.0,1.0,0.00601111092602381
7.4,11.2,1.0,0.00604424690835725
7.4,11.4,1.0,0.00609318392074016
7.4,11.6,1.0,0.00616317048386195
7.4,11.8,1.0,0.00626196068636106
7.4,12.0,1.0,0.00640095940516919
7.4,12.2,1.0,0.0065970206017883
7.4,12.4,1.0,0.00687534641403388
7.4,12.6,1.0,0.00727430835303145
7.4,12.8,1.0,0.00785374313213432
7.4,13.0,1.0,0.00870973950716158
7.4,13.2,1.0,0.0100019119332288
7.4,13.4,1.0,0.0120052502242776
7.4,13.6,1.0,0.0152108590577211
7.4,13.8,1.0,0.0205227103838635
7.4,14.0,1.0,0.0296316561862166
7.4,14.2,1.0,0.0456623942833739
7.4,14.4,1.0,0.0740294150781262
7.4,14.6,1.0,0.122699798371298
7.4,14.8,1.0,0.19958532395532
7.4,15.0,1.0,0.305227411802695
7.4,15.2,1.0,0.426447685681094
7.6,4.0,1.0,0.390900143544558
7.6,4.2,1.0,0.288369330336209
7.6,4.4,1.0,0.206347485603198
7.6,4.6,1.0,0.145100679815033
7.6,4.8,1.0,0.101642747747946
7.6,5.0,1.0,0.0717923244050568
7.6,5.2,1.0,0.0516184645231427
7.6,5.4,1.0,0.0380314116608002
7.6,5.6,1.0,0.0288281351762766
7.6,5.8,1.0,0.0225206360092943
7.6,6.0,1.0,0.0181314325695268
7.6,6.2,1.0,0.0150253653011962
7.6,6.4,1.0,0.0127896399103262
7.6,6.6,1.0,0.0111539830681526
7.6,6.8,1.0,0.00993929247006399
7.6,7.0,1.0,0.00902510577191528
7.6,7.2,1.0,0.00832906183164561
7.6,7.4,1.0,0.007793882995681
7.6,7.6,1.0,0.00737905380462966
7.6,7.8,1.0,0.00705544060882158
7.6,8.0,1.0,0.00680176637004485
7.6,8.2,1.0,0.00660226779477517
7.6,8.4,1.0,0.00644511517246893
7.6,8.6,1.0,0.0063213308893452
7.6,8.8,1.0,0.00622403878618053
7.6,9.0,1.0,0.00614793654774567
7.6,9.2,1.0,0.00608892118984528
7.6,9.4,1.0,0.00604382195372263
7.6,9.6,1.0,0.00601021071892042
7.6,9.8,1.0,0.00598627061340667
7.6,10.0,1.0,0.00597071085776035
7.6,10.2,1.0,0.00596272135134589
7.6,10.4,1.0,0.00596196501755861
7.6,10.6,1.0,0.00596861020397169
7.6,10.8,1.0,0.00598341018298857
7.6,11.0,1.0,0.00600784286062723
7.6,11.2,1.0,0.00604433239106698
7.6,11.4,1.0,0.0060965874946365
7.6,11.6,1.0,0.00617011235557953
7.6,11.8,1.0,0.00627298137656233
7.6,12.0,1.0,0.00641703076082215
7.6,12.2,1.0,0.00661973105947372
7.6,12.4,1.0,0.00690721137653229
7.6,12.6,1.0,0.00731930073625281
7.6,12.8,1.0,0.00791822645048604
7.6,13.0,1.0,0.00880416203206474
7.6,13.2,1.0,0.0101439803947409
7.6,13.4,1.0,0.0122260341464361
7.6,13.6,1.0,0.0155667125268118
7.6,13.8,1.0,0.0211183943599238
7.6,14.0,1.0,0.0306629261045488
7.6,14.2,1.0,0.0474833285328528
7.6,14.4,1.0,0.0772174798249401
7.6,14.6,1.0,0.12798885712834
7.6,14.8,1.0,0.207426681730657
7.6,15.0,1.0,0.315057569821196
7.6,15.2,1.0,0.43660076624817
7.8,3.8,1.0,0.413951623186257
7.8,4.0,1.0,0.295904028515975
7.8,4.2,1.0,0.206433130347524
7.8,4.4,1.0,0.142511868044657
7.8,4.6,1.0,0.0986582630310095
7.8,4.8,1.0,0.069242344349679
7.8,5.0,1.0,0.0496686252414822
7.8,5.2,1.0,0.0366093506179107
7.8,5.4,1.0,0.0278089273612543
7.8,5.6,1.0,0.0217913705291877
7.8,5.8,1.0,0.0176060180339606
7.8,6.0,1.0,0.0146425084173967
7.8,6.2,1.0,0.012506927197271
7.8,6.4,1.0,0.0109423185628208
7.8,6.6,1.0,0.00977867274453222
7.8,6.8,1.0,0.00890166341315613
7.8,7.0,1.0,0.00823306903223274
7.8,7.2,1.0,0.0077184220970981
7.8,7.4,1.0,0.00731913390592796
7.8,7.6,1.0,0.00700740778864225
7.8,7.8,1.0,0.0067629063192573
7.8,8.0,1.0,0.00657053477506965
7.8,8.2,1.0,0.00641894432863068
7.8,8.4,1.0,0.00629950586872812
7.8,8.6,1.0,0.00620559617364219
7.8,8.8,1.0,0.00613209470804022
7.8,9.0,1.0,0.00607502495015209
7.8,9.2,1.0,0.00603129692952225
7.8,9.4,1.0,0.00599852246058652
7.8,9.6,1.0,0.00597488440500253
7.8,9.8,1.0,0.0059590480738029
7.8,10.0,1.0,0.00595010780778973
7.8,10.2,1.0,0.00594756568054069
7.8,10.4,1.0,0.00595134277469656
7.8,10.6,1.0,0.00596182713616102
7.8,10.8,1.0,0.00597996690732834
7.8,11.0,1.0,0.00600742307054098
7.8,11.2,1.0,0.0060468049127399
7.8,11.4,1.0,0.00610202479479583
7.8,11.6,1.0,0.00617883069856883
7.8,11.8,1.0,0.00628561200212901
7.8,12.0,1.0,0.00643463863275643
7.8,12.2,1.0,0.0066440106898436
7.8,12.4,1.0,0.0069408134846211
7.8,12.6,1.0,0.00736639031220084
7.8,12.8,1.0,0.00798546549078297
7.8,13.0,1.0,0.00890249756043525
7.8,13.2,1.0,0.0102920014309594
7.8,13.4,1.0,0.0124564400863883
7.8,13.6,1.0,0.0159389538939176
7.8,13.8,1.0,0.0217431462586914
7.8,14.0,1.0,0.031746858039744
7.8,14.2,1.0,0.0493985183961166
7.8,14.4,1.0,0.0805633359505722
7.8,14.6,1.0,0.133505133409288
7.8,14.8,1.0,0.215518556221859
7.8,15.0,1.0,0.325071067427919
7.8,15.2,1.0,0.446833192179231
8.0,3.6,1.0,0.482491314336743
8.0,3.8,1.0,0.326016261645764
8.0,4.0,1.0,0.217496785702532
8.0,4.2,1.0,0.145171060220826
8.0,4.4,1.0,0.0981805561659585
8.0,4.6,1.0,0.0679097970110648
8.0,4.8,1.0,0.0483274226068383
8.0,5.0,1.0,0.0355027499808954
8.0,5.2,1.0,0.0269597840249458
8.0,5.4,1.0,0.0211575354150193
8.0,5.6,1.0,0.0171363005600184
8.0,5.8,1.0,0.0142934071012417
8.0,6.0,1.0,0.0122454134905915
8.0,6.2,1.0,0.0107444173974006
8.0,6.4,1.0,0.00962726814184378
8.0,6.6,1.0,0.00878456808619384
8.0,6.8,1.0,0.00814156260440942
8.0,7.0,1.0,0.00764620864354253
8.0,7.2,1.0,0.00726161713412493
8.0,7.4,1.0,0.0069611913442285
8.0,7.6,1.0,0.00672544900710232
8.0,7.8,1.0,0.00653991108396224
8.0,8.0,1.0,0.00639367628576158
8.0,8.2,1.0,0.00627844323475577
8.0,8.4,1.0,0.00618782942277063
8.0,8.6,1.0,0.00611689016463208
8.0,8.8,1.0,0.00606177466569474
8.0,9.0,1.0,0.00601947792880309
8.0,9.2,1.0,0.00598766122174378
8.0,9.4,1.0,0.00596452308530154
8.0,9.6,1.0,0.00594870917229481
8.0,9.8,1.0,0.00593925371064715
8.0,10.0,1.0,0.00593554883873198
8.0,10.2,1.0,0.00593734101518666
8.0,10.4,1.0,0.00594475660566853
8.0,10.6,1.0,0.00595836203856126
8.0,10.8,1.0,0.00597926813907635
8.0,11.0,1.0,0.00600929417010411
8.0,11.2,1.0,0.00605121596750588
8.0,11.4,1.0,0.00610913647936619
8.0,11.6,1.0,0.00618903980141043
8.0,11.8,1.0,0.00629962846818079
8.0,12.0,1.0,0.0064536116527751
8.0,12.2,1.0,0.00666973499751656
8.0,12.4,1.0,0.00697607264492995
8.0,12.6,1.0,0.00741554337491619
8.0,12.8,1.0,0.00805548179208975
8.0,13.0,1.0,0.00900484363732353
8.0,13.2,1.0,0.0104461914381398
8.0,13.4,1.0,0.0126968881643823
8.0,13.6,1.0,0.0163283698827235
8.0,13.8,1.0,0.0223984107460121
8.0,14.0,1.0,0.0328859815387596
8.0,14.2,1.0,0.0514118317558743
8.0,14.4,1.0,0.0840709054621524
8.0,14.6,1.0,0.139246764315712
8.0,14.8,1.0,0.223841337721677
8.0,15.0,1.0,0.335218757665935
8.0,15.2,1.0,0.457060479004952
8.2,3.6,1.0,0.413341851942721
8.2,3.8,1.0,0.253151774037259
8.2,4.0,1.0,0.158735525761051
8.2,4.2,1.0,0.102650814825633
8.2,4.4,1.0,0.0688752208103432
8.2,4.6,1.0,0.0480857581397667
8.2,4.8,1.0,0.0349411619523649
8.2,5.0,1.0,0.02639134529101
8.2,5.2,1.0,0.0206740780383298
8.2,5.4,1.0,0.0167503512874864
8.2,5.6,1.0,0.0139927751693962
8.2,5.8,1.0,0.0120129864671111
8.2,6.0,1.0,0.010564588342333
8.2,6.2,1.0,0.00948746757049281
8.2,6.4,1.0,0.00867515802724726
8.2,6.6,1.0,0.00805529588850123
8.2,6.8,1.0,0.00757766562541247
8.2,7.0,1.0,0.00720673750281601
8.2,7.2,1.0,0.00691691574735227
8.2,7.4,1.0,0.00668945420542199
8.2,7.6,1.0,0.00651041689775377
8.2,7.8,1.0,0.00636930515908656
8.2,8.0,1.0,0.00625811750035693
8.2,8.2,1.0,0.00617069524031588
8.2,8.4,1.0,0.00610226012961668
8.2,8.6,1.0,0.00604908326613393
8.2,8.8,1.0,0.00600824551654414
8.2,9.0,1.0,0.00597746312033746
8.2,9.2,1.0,0.00595496099427971
8.2,9.4,1.0,0.00593938222064635
8.2,9.6,1.0,0.00592972638857766
8.2,9.8,1.0,0.00592531258085866
8.2,10.0,1.0,0.00592576535514269
8.2,10.2,1.0,0.00593102444209634
8.2,10.4,1.0,0.0059413814207674
8.2,10.6,1.0,0.005957549718913
8.2,10.8,1.0,0.00598077843546447
8.2,11.0,1.0,0.00601302646989292
8.2,11.2,1.0,0.0060572225456216
8.2,11.4,1.0,0.00611765114610461
8.2,11.6,1.0,0.0062005281311339
8.2,11.8,1.0,0.00631487026915466
8.2,12.0,1.0,0.0064738342031363
8.2,12.2,1.0,0.00669682993429967
8.2,12.4,1.0,0.00701295648381273
8.2,12.6,1.0,0.00746677420418524
8.2,12.8,1.0,0.0081283492046652
8.2,13.0,1.0,0.00911136080163006
8.2,13.2,1.0,0.0106068516426064
8.2,13.4,1.0,0.01294792639093
8.2,13.6,1.0,0.0167359607931729
8.2,13.8,1.0,0.0230860199790116
8.2,14.0,1.0,0.034083571809866
8.2,14.2,1.0,0.0535286257300961
8.2,14.4,1.0,0.0877471810615258
8.2,14.6,1.0,0.145218553909747
8.2,14.8,1.0,0.232390546099291
8.2,15.0,1.0,0.345484073194466
8.2,15.2,1.0,0.467258892851443
8.4,3.6,1.0,0.359227738366292
8.4,3.8,1.0,0.198363388360022
8.4,4.0,1.0,0.11779896687978
8.4,4.2,1.0,0.0745289859711746
8.4,4.4,1.0,0.0500015910727519
8.4,4.6,1.0,0.0354139990905675
8.4,4.8,1.0,0.0263389263419941
8.4,5.0,1.0,0.0204581779198784
8.4,5.2,1.0,0.0165083993517996
8.4,5.4,1.0,0.0137724534720713
8.4,5.6,1.0,0.0118268975853819
8.4,5.8,1.0,0.0104123764767703
8.4,6.0,1.0,0.00936464538503465
8.4,6.2,1.0,0.00857650205956756
8.4,6.4,1.0,0.0079760398124506
8.4,6.6,1.0,0.00751382191224714
8.4,6.8,1.0,0.00715509397095234
8.4,7.0,1.0,0.00687492793838766
8.4,7.2,1.0,0.00665511932772279
8.4,7.4,1.0,0.00648215948070713
8.4,7.6,1.0,0.00634588233057556
8.4,7.8,1.0,0.00623854347502988
8.4,8.0,1.0,0.00615418195597891
8.4,8.2,1.0,0.00608817051927228
8.4,8.4,1.0,0.00603689395490641
8.4,8.6,1.0,0.00599751619838742
8.4,8.8,1.0,0.00596781027268662
8.4,9.0,1.0,0.00594603384866886
8.4,9.2,1.0,0.00593083899432653
8.4,9.4,1.0,0.00592120867687464
8.4,9.6,1.0,0.00591641548265523
8.4,9.8,1.0,0.00591600030106054
8.4,10.0,1.0,0.00591977072559671
8.4,10.2,1.0,0.00592782094675851
8.4,10.4,1.0,0.00594057723874877
8.4,10.6,1.0,0.00595887613058851
8.4,10.8,1.0,0.00598408650622908
8.4,11.0,1.0,0.00601829298943894
8.4,11.2,1.0,0.0060645673621701
8.4,11.4,1.0,0.00612736975703812
8.4,11.6,1.0,0.00621314614860939
8.4,11.8,1.0,0.00633123104938407
8.4,12.0,1.0,0.00649523919049802
8.4,12.2,1.0,0.00672526642466664
8.4,12.4,1.0,0.00705147618163211
8.4,12.6,1.0,0.00752014171031286
8.4,12.8,1.0,0.00820419065770604
8.4,13.0,1.0,0.00922226832536881
8.4,13.2,1.0,0.0107743605723069
8.4,13.4,1.0,0.0132102150083891
8.4,13.6,1.0,0.017162905172097
8.4,13.8,1.0,0.0238081090267005
8.4,14.0,1.0,0.03534343537565
8.4,14.2,1.0,0.0557551769186917
8.4,14.4,1.0,0.0916006814807681
8.4,14.6,1.0,0.151427884680641
8.4,14.8,1.0,0.241166742276258
8.4,15.0,1.0,0.355860783389542
8.4,15.2,1.0,0.477423010067545
8.6,3.6,1.0,0.325128213635555
8.6,3.8,1.0,0.160688454210769
8.6,4.0,1.0,0.0907808873044919
8.6,4.2,1.0,0.0564820663302973
8.6,4.4,1.0,0.0379938040620991
8.6,4.6,1.0,0.0273089557958039
8.6,4.8,1.0,0.0207599166009001
8.6,5.0,1.0,0.0165386391679186
8.6,5.2,1.0,0.0137002747583429
8.6,5.4,1.0,0.0117240202438051
8.6,5.6,1.0,0.0103082867680917
8.6,5.8,1.0,0.0092704227499636
8.6,6.0,1.0,0.00849529020898841
8.6,6.2,1.0,0.00790769441295292
8.6,6.4,1.0,0.00745697325538701
8.6,6.6,1.0,0.00710804714686153
8.6,6.8,1.0,0.00683603707917459
8.6,7.0,1.0,0.00662292498718261
8.6,7.2,1.0,0.00645542165227432
8.6,7.4,1.0,0.00632356994595651
8.6,7.6,1.0,0.00621980803715667
8.6,7.8,1.0,0.00613832748299993
8.6,8.0,1.0,0.00607462475474724
8.6,8.2,1.0,0.00602518245251928
8.6,8.4,1.0,0.00598723935774982
8.6,8.6,1.0,0.00595862270445836
8.6,8.8,1.0,0.00593762510666955
8.6,9.0,1.0,0.00592291449211141
8.6,9.2,1.0,0.00591346937877809
8.6,9.4,1.0,0.00590853464303776
8.6,9.6,1.0,0.00590759505073411
8.6,9.8,1.0,0.00591036559110297
8.6,10.0,1.0,0.00591679932603252
8.6,10.2,1.0,0.00592711528000373
8.6,10.4,1.0,0.00594185110967005
8.6,10.6,1.0,0.00596194824878595
8.6,10.8,1.0,0.00598888143198234
8.6,11.0,1.0,0.00602485077525969
8.6,11.2,1.0,0.00607306431253268
8.6,11.4,1.0,0.00613815448561607
8.6,11.6,1.0,0.00622679797203346
8.6,11.8,1.0,0.00634865264539132
8.6,12.0,1.0,0.0065178041456099
8.6,12.2,1.0,0.00675505830577188
8.6,12.4,1.0,0.00709168613919003
8.6,12.6,1.0,0.00757575082870093
8.6,12.8,1.0,0.00828318143185074
8.6,13.0,1.0,0.00933784972470473
8.6,13.2,1.0,0.0109491824811869
8.6,13.4,1.0,0.0134845389382831
8.6,13.6,1.0,0.0176105777463302
8.6,13.8,1.0,0.024567139747705
8.6,14.0,1.0,0.0366699325748412
8.6,14.2,1.0,0.0580986626080371
8.6,14.4,1.0,0.0956412493105726
8.6,14.6,1.0,0.157883942815398
8.6,14.8,1.0,0.250173301669628
8.6,15.0,1.0,0.366347675031675
8.6,15.2,1.0,0.487555141061041
8.8,3.6,1.0,0.314835259275507
8.8,3.8,1.0,0.13751329440389
8.8,4.0,1.0,0.0738356117859228
8.8,4.2,1.0,0.0451976085852077
8.8,4.4,1.0,0.0304330359013817
8.8,4.6,1.0,0.0221243315343731
8.8,4.8,1.0,0.0171166933269539
8.8,5.0,1.0,0.013921059066126
8.8,5.2,1.0,0.0117828507567652
8.8,5.4,1.0,0.0102959632772445
8.8,5.6,1.0,0.00922957677064764
8.8,5.8,1.0,0.0084458298936878
8.8,6.0,1.0,0.0078586361319362
8.8,6.2,1.0,0.00741207814082168
8.8,6.4,1.0,0.00706855755271947
8.8,6.6,1.0,0.00680202188490185
8.8,6.8,1.0,0.00659394385301669
8.8,7.0,1.0,0.00643085054364266
8.8,7.2,1.0,0.00630275640403552
8.8,7.4,1.0,0.0062021405418049
8.8,7.6,1.0,0.00612326167342052
8.8,7.8,1.0,0.0060616883379374
8.8,8.0,1.0,0.00601396991558228
8.8,8.2,1.0,0.0059774020337864
8.8,8.4,1.0,0.00594985680082294
8.8,8.6,1.0,0.00592965870866606
8.8,8.8,1.0,0.00591549363963361
8.8,9.0,1.0,0.00590634272098602
8.8,9.2,1.0,0.00590143570378733
8.8,9.4,1.0,0.00590022065551033
8.8,9.6,1.0,0.00590234841367142
8.8,9.8,1.0,0.00590767170858136
8.8,10.0,1.0,0.00591626033800178
8.8,10.2,1.0,0.00592843547226148
8.8,10.4,1.0,0.0059448283313617
8.8,10.6,1.0,0.00596647144569245
8.8,10.8,1.0,0.00599493500815437
8.8,11.0,1.0,0.00603252729345428
8.8,11.2,1.0,0.00608258820286891
8.8,11.4,1.0,0.00614992124038604
8.8,11.6,1.0,0.00624143628514142
8.8,11.8,1.0,0.00636712208707399
8.8,12.0,1.0,0.00654155013482929
8.8,12.2,1.0,0.0067862630799187
8.8,12.4,1.0,0.00713368663701884
8.8,12.6,1.0,0.00763375733783181
8.8,12.8,1.0,0.0083655566761365
8.8,13.0,1.0,0.0094584640050265
8.8,13.2,1.0,0.0111318842305954
8.8,13.4,1.0,0.0137718338346479
8.8,13.6,1.0,0.0180805911606765
8.8,13.8,1.0,0.0253659697140642
8.8,14.0,1.0,0.038068091491463
8.8,14.2,1.0,0.0605673387746396
8.8,14.4,1.0,0.0998802914978205
8.8,14.6,1.0,0.164597957728106
8.8,14.8,1.0,0.259416448195479
8.8,15.0,1.0,0.376947880786982
8.8,15.2,1.0,0.497663261431731
9.0,3.6,1.0,0.333525792122925
9.0,3.8,1.0,0.126536531974324
9.0,4.0,1.0,0.0640739916640345
9.0,4.2,1.0,0.0384566845720304
9.0,4.4,1.0,0.0257957366378996
9.0,4.6,1.0,0.0188524908159452
9.0,4.8,1.0,0.0147494470446765
9.0,5.0,1.0,0.0121720617576659
9.0,5.2,1.0,0.0104686080307278
9.0,5.4,1.0,0.00929486293491651
9.0,5.6,1.0,0.00845856129132981
9.0,5.8,1.0,0.00784669999539681
9.0,6.0,1.0,0.00738971429959418
9.0,6.2,1.0,0.00704295950109924
9.0,6.4,1.0,0.00677670412599567
9.0,6.6,1.0,0.0065704946548069
9.0,6.8,1.0,0.0064098580342732
9.0,7.0,1.0,0.0062843023536256
9.0,7.2,1.0,0.00618606411374869
9.0,7.4,1.0,0.00610929913100786
9.0,7.6,1.0,0.00604954522673248
9.0,7.8,1.0,0.0060033562759712
9.0,8.0,1.0,0.00596804729809324
9.0,8.2,1.0,0.00594151345018503
9.0,8.4,1.0,0.00592209955108241
9.0,8.6,1.0,0.00590850516713983
9.0,8.8,1.0,0.0058997155725363
9.0,9.0,1.0,0.00589495233528812
9.0,9.2,1.0,0.00589363962775874
9.0,9.4,1.0,0.00589538407930818
9.0,9.6,1.0,0.00589996738105945
9.0,9.8,1.0,0.00590735213809911
9.0,10.0,1.0,0.00591770282976258
9.0,10.2,1.0,0.00593142537792105
9.0,10.4,1.0,0.00594923097810401
9.0,10.6,1.0,0.0059722328633145
9.0,10.8,1.0,0.00600208908081661
9.0,11.0,1.0,0.00604121104870043
9.0,11.2,1.0,0.0060930681323656
9.0,11.4,1.0,0.00616263542148142
9.0,11.6,1.0,0.00625706019118957
9.0,11.8,1.0,0.0063866713758392
9.0,12.0,1.0,0.00656654339456357
9.0,12.2,1.0,0.00681898545982847
9.0,12.4,1.0,0.00717762950833997
9.0,12.6,1.0,0.00769437611929625
9.0,12.8,1.0,0.00845162311206695
9.0,13.0,1.0,0.00958456236456521
9.0,13.2,1.0,0.011323159837925
9.0,13.4,1.0,0.0140732237777763
9.0,13.6,1.0,0.0185748567947125
9.0,13.8,1.0,0.026207954625638
9.0,14.0,1.0,0.0395437838203697
9.0,14.2,1.0,0.0631708360234348
9.0,14.4,1.0,0.104331246036256
9.0,14.6,1.0,0.171583871805507
9.0,14.8,1.0,0.268906086384444
9.0,15.0,1.0,0.387669633352203
9.2,3.6,1.0,0.38993995229933
9.2,3.8,1.0,0.126971477303936
9.2,4.0,1.0,0.0596898853292301
9.2,4.2,1.0,0.0349004091167042
9.2,4.4,1.0,0.0231698175629556
9.2,4.6,1.0,0.0168936156586975
9.2,4.8,1.0,0.0132628083618466
9.2,5.0,1.0,0.0110282841829517
9.2,5.2,1.0,0.00957958090479734
9.2,5.4,1.0,0.00859849484546301
9.2,5.6,1.0,0.00790986539049217
9.2,5.8,1.0,0.00741238268775439
9.2,6.0,1.0,0.00704473030359007
9.2,6.2,1.0,0.0067682253306586
9.2,6.4,1.0,0.00655752807790931
9.2,6.6,1.0,0.00639546937418223
9.2,6.8,1.0,0.0062700626016455
9.2,7.0,1.0,0.0061727175587055
9.2,7.2,1.0,0.00609713798855254
9.2,7.4,1.0,0.00603862036412
9.2,7.6,1.0,0.00599359521293347
9.2,7.8,1.0,0.00595931922125214
9.2,8.0,1.0,0.00593366366861214
9.2,8.2,1.0,0.0059149661115432
9.2,8.4,1.0,0.0059019247982994
9.2,8.6,1.0,0.00589352288257616
9.2,8.8,1.0,0.0058889742225325
9.2,9.0,1.0,0.00588768559721881
9.2,9.2,1.0,0.00588923224504187
9.2,9.4,1.0,0.00589334515544653
9.2,9.6,1.0,0.00589990980512393
9.2,9.8,1.0,0.00590897722888599
9.2,10.0,1.0,0.00592078963159103
9.2,10.2,1.0,0.00593582437208187
9.2,10.4,1.0,0.00595486232711525
9.2,10.6,1.0,0.00597908972662718
9.2,10.8,1.0,0.00601024709700673
9.2,11.0,1.0,0.00605084587612309
9.2,11.2,1.0,0.00610448415681629
9.2,11.4,1.0,0.0061763106933937
9.2,11.6,1.0,0.00627371593001858
9.2,11.8,1.0,0.00640738007841253
9.2,12.0,1.0,0.00659289984344684
9.2,12.2,1.0,0.00685338397974463
9.2,12.4,1.0,0.00722372722821158
9.2,12.6,1.0,0.00775789341582516
9.2,12.8,1.0,0.00854177567763547
9.2,13.0,1.0,0.00971671138170775
9.2,13.2,1.0,0.0115238641191079
9.2,13.4,1.0,0.014390072652839
9.2,13.6,1.0,0.0190956676528127
9.2,13.8,1.0,0.0270970885102842
9.2,14.0,1.0,0.0411039678604268
9.2,14.2,1.0,0.0659205749580534
9.2,14.4,1.0,0.1090102525537
9.2,14.6,1.0,0.178859331582731
9.2,14.8,1.0,0.278657092426716
9.2,15.0,1.0,0.398527639483481
9.4,3.6,1.0,0.493697726555536
9.4,3.8,1.0,0.140531393462101
9.4,4.0,1.0,0.0598474940865694
9.4,4.2,1.0,0.033778355489198
9.4,4.4,1.0,0.0220420987410909
9.4,4.6,1.0,0.0159051203719462
9.4,4.8,1.0,0.0124260066289168
9.4,5.0,1.0,0.010332030262236
9.4,5.2,1.0,0.00900630686970694
9.4,5.4,1.0,0.00812963880272327
9.4,5.6,1.0,0.00752812973813241
9.4,5.8,1.0,0.00710256892888513
9.4,6.0,1.0,0.00679390171745277
9.4,6.2,1.0,0.00656557316155615
9.4,6.4,1.0,0.00639412440190067
9.4,6.6,1.0,0.0062639932240858
9.4,6.8,1.0,0.0061645385297553
9.4,7.0,1.0,0.00608828257829356
9.4,7.2,1.0,0.00602984147782189
9.4,7.4,1.0,0.00598525612468887
9.4,7.6,1.0,0.0059515625328118
9.4,7.8,1.0,0.0059265090081981
9.4,8.0,1.0,0.00590836570840551
9.4,8.2,1.0,0.00589579384867668
9.4,8.4,1.0,0.00588775451314049
9.4,8.6,1.0,0.00588344463700174
9.4,8.8,1.0,0.00588225241292572
9.4,9.0,1.0,0.00588372736956397
9.4,9.2,1.0,0.00588756238897075
9.4,9.4,1.0,0.00589358640877383
9.4,9.6,1.0,0.00590176777873358
9.4,9.8,1.0,0.0059122294178629
9.4,10.0,1.0,0.00592527822927741
9.4,10.2,1.0,0.00594145287064081
9.4,10.4,1.0,0.00596159620004131
9.4,10.6,1.0,0.0059869618874939
9.4,10.8,1.0,0.00601936938029957
9.4,11.0,1.0,0.00606142859887334
9.4,11.2,1.0,0.00611686708152084
9.4,11.4,1.0,0.00619101075924777
9.4,11.6,1.0,0.00629150057052941
9.4,11.8,1.0,0.00642938097320094
9.4,12.0,1.0,0.00662079283949473
9.4,12.2,1.0,0.00688968118654216
9.4,12.4,1.0,0.00727226611211099
9.4,12.6,1.0,0.00782468401664639
9.4,12.8,1.0,0.00863652037623711
9.4,13.0,1.0,0.00985562446290093
9.4,13.2,1.0,0.0117350580347066
9.4,13.4,1.0,0.0147240532553387
9.4,13.6,1.0,0.019645809934408
9.4,13.8,1.0,0.0280381929683918
9.4,14.0,1.0,0.0427570179841291
9.4,14.2,1.0,0.068830332405576
9.4,14.4,1.0,0.113937069430159
9.4,14.6,1.0,0.186447035064042
9.4,14.8,1.0,0.288691040850515
9.4,15.0,1.0,0.409544921197795
9.6,3.8,1.0,0.172964340312064
9.6,4.0,1.0,0.0646376353358799
9.6,4.2,1.0,0.0347711456624015
9.6,4.4,1.0,0.0221623374709269
9.6,4.6,1.0,0.0157113376655737
9.6,4.8,1.0,0.0121147321101476
9.6,5.0,1.0,0.00999409666117913
9.6,5.2,1.0,0.0086840130781754
9.6,5.4,1.0,0.00784072137459789
9.6,5.6,1.0,0.00727800655288627
9.6,5.8,1.0,0.00689069329930352
9.6,6.0,1.0,0.00661704638477503
9.6,6.2,1.0,0.00641951761379602
9.6,6.4,1.0,0.00627450576533227
9.6,6.6,1.0,0.00616671435174303
9.6,6.8,1.0,0.00608594086928246
9.6,7.0,1.0,0.00602519558549997
9.6,7.2,1.0,0.00597956962651837
9.6,7.4,1.0,0.00594553697577211
9.6,7.6,1.0,0.00592051400941803
9.6,7.8,1.0,0.00590257542825941
9.6,8.0,1.0,0.00589026730082454
9.6,8.2,1.0,0.00588248180167676
9.6,8.4,1.0,0.00587837215700092
9.6,8.6,1.0,0.00587729462247275
9.6,8.8,1.0,0.00587876940684215
9.6,9.0,1.0,0.00588245567458548
9.6,9.2,1.0,0.00588813790437523
9.6,9.4,1.0,0.00589572242807599
9.6,9.6,1.0,0.00590524423903278
9.6,9.8,1.0,0.0059168853639385
9.6,10.0,1.0,0.00593100743334459
9.6,10.2,1.0,0.00594820276756092
9.6,10.4,1.0,0.0059693705805013
9.6,10.6,1.0,0.00599582817757748
9.6,10.8,1.0,0.00602947189107524
9.6,11.0,1.0,0.0060730099669419
9.6,11.2,1.0,0.00613030143860295
9.6,11.4,1.0,0.00620685432222913
9.6,11.6,1.0,0.00631056899292545
9.6,11.8,1.0,0.00645286919825549
9.6,12.0,1.0,0.00665046478177153
9.6,12.2,1.0,0.00692817819047544
9.6,12.4,1.0,0.00732362463465554
9.6,12.6,1.0,0.00789523469833665
9.6,12.8,1.0,0.00873650512462255
9.6,13.0,1.0,0.0100022040739851
9.6,13.2,1.0,0.0119580694719372
9.6,13.4,1.0,0.0150772399735938
9.6,13.6,1.0,0.0202287129993026
9.6,13.8,1.0,0.0290371723503446
9.6,14.0,1.0,0.0445131704186465
9.6,14.2,1.0,0.0719170092715084
9.6,14.4,1.0,0.119136314279384
9.6,14.6,1.0,0.194376528203662
9.6,14.8,1.0,0.299038445776868
9.6,15.0,1.0,0.420755157088077
9.8,3.8,1.0,0.236446488705329
9.8,4.0,1.0,0.0752968133381213
9.8,4.2,1.0,0.0379002084829756
9.8,4.4,1.0,0.0234637089368962
9.8,4.6,1.0,0.0162524157621679
9.8,4.8,1.0,0.0122789167260617
9.8,5.0,1.0,0.00997311359565667
9.8,5.2,1.0,0.0085791721667135
9.8,5.4,1.0,0.00770496308781463
9.8,5.6,1.0,0.0071382621027752
9.8,5.8,1.0,0.00675995547526469
9.8,6.0,1.0,0.00650086161810535
9.8,6.2,1.0,0.00631950288181709
9.8,6.4,1.0,0.00619027383589719
9.8,6.6,1.0,0.00609693293836324
9.8,6.8,1.0,0.00602891142521634
9.8,7.0,1.0,0.00597916195863865
9.8,7.2,1.0,0.0059428740297447
9.8,7.4,1.0,0.00591669015952087
9.8,7.6,1.0,0.00589821815481351
9.8,7.8,1.0,0.0058857220079727
9.8,8.0,1.0,0.005877922686387
9.8,8.2,1.0,0.00587386784757036
9.8,8.4,1.0,0.00587284574077442
9.8,8.6,1.0,0.00587432822966586
9.8,8.8,1.0,0.00587793376946527
9.8,9.0,1.0,0.00588340487598779
9.8,9.2,1.0,0.00589059705757953
9.8,9.4,1.0,0.0058994779046754
9.8,9.6,1.0,0.00591013640589142
9.8,9.8,1.0,0.00592280384038114
9.8,10.0,1.0,0.00593788899822931
9.8,10.2,1.0,0.00595603222569781
9.8,10.4,1.0,0.00597818515907402
9.8,10.6,1.0,0.0060057264029783
9.8,10.8,1.0,0.006040628462232
9.8,11.0,1.0,0.00608569901092904
9.8,11.2,1.0,0.00614493191754652
9.8,11.4,1.0,0.00622402363693162
9.8,11.6,1.0,0.00633114470360111
9.8,11.8,1.0,0.00647811559879909
9.8,12.0,1.0,0.00668224343661856
9.8,12.2,1.0,0.0069692746826574
9.8,12.4,1.0,0.00737829827629548
9.8,12.6,1.0,0.00797017575206886
9.8,12.8,1.0,0.00884256106250068
9.8,13.0,1.0,0.0101575982177966
9.8,13.2,1.0,0.0121945746015168
9.8,13.4,1.0,0.0154522331442119
9.8,13.6,1.0,0.0208486512530522
9.8,13.8,1.0,0.0301013585146892
9.8,14.0,1.0,0.0463851272927031
9.8,14.2,1.0,0.0752016715682721
9.8,14.4,1.0,0.124639136277887
9.8,14.6,1.0,0.202686584482199
9.8,14.8,1.0,0.309741643824933
9.8,15.0,1.0,0.43220561800486
10.0,3.8,1.0,0.349669022381287
10.0,4.0,1.0,0.0949382009139928
10.0,4.2,1.0,0.0435302962800406
10.0,4.4,1.0,0.0260201631466065
10.0,4.6,1.0,0.0175566642568994
10.0,4.8,1.0,0.0129262896733718
10.0,5.0,1.0,0.0102650880079546
10.0,5.2,1.0,0.00868249979560298
10.0,5.4,1.0,0.00771157906202686
10.0,5.6,1.0,0.00709845016583421
10.0,5.8,1.0,0.00670099335765274
10.0,6.0,1.0,0.00643727994319648
10.0,6.2,1.0,0.00625872744437941
10.0,6.4,1.0,0.00613576887861099
10.0,6.6,1.0,0.0060499782319633
10.0,6.8,1.0,0.00598961690013514
10.0,7.0,1.0,0.00594704799347978
10.0,7.2,1.0,0.00591720051166415
10.0,7.4,1.0,0.00589663905845242
10.0,7.6,1.0,0.00588299065258241
10.0,7.8,1.0,0.0058745861790353
10.0,8.0,1.0,0.00587023307336824
10.0,8.2,1.0,0.00586906958178873
10.0,8.4,1.0,0.00587047066218076
10.0,8.6,1.0,0.00587398734960462
10.0,8.8,1.0,0.00587930856470082
10.0,9.0,1.0,0.00588623880983988
10.0,9.2,1.0,0.0058946880973128
10.0,9.4,1.0,0.00590467246549797
10.0,9.6,1.0,0.0059163249956104
10.0,9.8,1.0,0.00592991864515552
10.0,10.0,1.0,0.00594590370940286
10.0,10.2,1.0,0.00596496455312055
10.0,10.4,1.0,0.0059881027203506
10.0,10.6,1.0,0.00601675705653927
10.0,10.8,1.0,0.00605297673421328
10.0,11.0,1.0,0.00609967117605458
10.0,11.2,1.0,0.00616097375561553
10.0,11.4,1.0,0.00624277730545629
10.0,11.6,1.0,0.00635353530055338
10.0,11.8,1.0,0.00650548528081772
10.0,12.0,1.0,0.00671656422459806
10.0,12.2,1.0,0.00701349595001743
10.0,12.4,1.0,0.00743693282731832
10.0,12.6,1.0,0.0080503230960733
10.0,12.8,1.0,0.00895575768259155
10.0,13.0,1.0,0.0103232758901292
10.0,13.2,1.0,0.0124467068578456
10.0,13.4,1.0,0.0158523262371469
10.0,13.6,1.0,0.0215110166777663
10.0,13.8,1.0,0.0312399780148275
10.0,14.0,1.0,0.0483888772167595
10.0,14.2,1.0,0.0787109633326396
10.0,14.4,1.0,0.130485467622802
10.0,14.6,1.0,0.21142834468451
10.0,14.8,1.0,0.320858481957706
10.0,15.0,1.0,0.44396081658027
10.2,4.0,1.0,0.130228190304929
10.2,4.2,1.0,0.0525027093561569
10.2,4.4,1.0,0.0300295293684765
10.2,4.6,1.0,0.0197251371472872
10.2,4.8,1.0,0.014115118149792
10.2,5.0,1.0,0.0108994602850078
10.2,5.2,1.0,0.0090062200676619
10.2,5.4,1.0,0.00786369139238751
10.2,5.6,1.0,0.00715730742112977
10.2,5.8,1.0,0.00671066342934537
10.2,6.0,1.0,0.00642254891871892
10.2,6.2,1.0,0.00623345063939963
10.2,6.4,1.0,0.00610754551360978
10.2,6.6,1.0,0.00602280997341427
10.2,6.8,1.0,0.00596544386740569
10.2,7.0,1.0,0.00592664592377724
10.2,7.2,1.0,0.00590070700601529
10.2,7.4,1.0,0.00588386130908183
10.2,7.6,1.0,0.00587358336387
10.2,7.8,1.0,0.00586815221201445
10.2,8.0,1.0,0.00586637826383713
10.2,8.2,1.0,0.00586743067059577
10.2,8.4,1.0,0.00587072775915025
10.2,8.6,1.0,0.00587586780620851
10.2,8.8,1.0,0.00588258637683289
10.2,9.0,1.0,0.00589073201121959
10.2,9.2,1.0,0.00590025561539739
10.2,9.4,1.0,0.00591121134115502
10.2,9.6,1.0,0.00592376856263368
10.2,9.8,1.0,0.00593823613694598
10.2,10.0,1.0,0.00595510176020083
10.2,10.2,1.0,0.0059750911720646
10.2,10.4,1.0,0.00599925454537731
10.2,10.6,1.0,0.00602909107586024
10.2,10.8,1.0,0.00606672826730303
10.2,11.0,1.0,0.00611518086573968
10.2,11.2,1.0,0.00617872787686288
10.2,11.4,1.0,0.00626346828194112
10.2,11.6,1.0,0.00637815375335444
10.2,11.8,1.0,0.00653546277421685
10.2,12.0,1.0,0.00675400017077904
10.2,12.2,1.0,0.00706152898164476
10.2,12.4,1.0,0.00750036878027366
10.2,12.6,1.0,0.00813673438035755
10.2,12.8,1.0,0.00907747636976094
10.2,13.0,1.0,0.0105011280021046
10.2,13.2,1.0,0.0127172032520514
10.2,13.4,1.0,0.0162817313180558
10.2,13.6,1.0,0.0222226880567004
10.2,13.8,1.0,0.0324647875317514
10.2,14.0,1.0,0.0505448135438752
10.2,14.2,1.0,0.0824790276108671
10.2,14.4,1.0,0.136727052742444
10.2,14.6,1.0,0.220669445915241
10.2,14.8,1.0,0.332467007041105
10.2,15.0,1.0,0.456106996991334
10.4,4.0,1.0,0.194325487552951
10.4,4.2,1.0,0.0665082792919401
10.4,4.4,1.0,0.0358251487193725
10.4,4.6,1.0,0.0229203656984342
10.4,4.8,1.0,0.0159510310375563
10.4,5.0,1.0,0.0119392715482574
10.4,5.2,1.0,0.00958440588372865
10.4,5.4,1.0,0.00817826794744659
10.4,5.6,1.0,0.0073224357917614
10.4,5.8,1.0,0.00679164061851712
10.4,6.0,1.0,0.00645684203383545
10.4,6.2,1.0,0.00624265079907728
10.4,6.4,1.0,0.00610408609332413
10.4,6.6,1.0,0.00601378356564259
10.4,6.8,1.0,0.00595480862724926
10.4,7.0,1.0,0.00591652092682337
10.4,7.2,1.0,0.00589214090957761
10.4,7.4,1.0,0.00587729075088109
10.4,7.6,1.0,0.0058691061527097
10.4,7.8,1.0,0.00586568910619716
10.4,8.0,1.0,0.00586576755473529
10.4,8.2,1.0,0.00586848232965977
10.4,8.4,1.0,0.00587325343248137
10.4,8.6,1.0,0.00587969659170779
10.4,8.8,1.0,0.00588757245017543
10.4,9.0,1.0,0.00589675780922576
10.4,9.2,1.0,0.00590723285797165
10.4,9.4,1.0,0.00591908132477715
10.4,9.6,1.0,0.00593250267745148
10.4,9.8,1.0,0.00594783732021076
10.4,10.0,1.0,0.00596560753114445
10.4,10.2,1.0,0.00598657896609276
10.4,10.4,1.0,0.00601185027866811
10.4,10.6,1.0,0.00604298225711732
10.4,10.8,1.0,0.00608218360566381
10.4,11.0,1.0,0.00613257934345853
10.4,11.2,1.0,0.00619860191981887
10.4,11.4,1.0,0.00628656844339546
10.4,11.6,1.0,0.00640554711232119
10.4,11.8,1.0,0.00656868573422292
10.4,12.0,1.0,0.00679530184641955
10.4,12.2,1.0,0.00711427052420292
10.4,12.4,1.0,0.00756970040333967
10.4,12.6,1.0,0.00823078374635971
10.4,12.8,1.0,0.00920950865241977
10.4,13.0,1.0,0.0106936027242635
10.4,13.2,1.0,0.0130096014933907
10.4,13.4,1.0,0.0167458843469244
10.4,13.6,1.0,0.0229925334184203
10.4,13.8,1.0,0.0337909419523627
10.4,14.0,1.0,0.0528792640782864
10.4,14.2,1.0,0.0865501241918687
10.4,14.4,1.0,0.143431522882539
10.4,14.6,1.0,0.230499431880795
10.4,14.8,1.0,0.34467138192765
10.4,15.0,1.0,0.468757574124362
10.6,4.0,1.0,0.308294433501024
10.6,4.2,1.0,0.0889407166800503
10.6,4.4,1.0,0.0439421156451902
10.6,4.6,1.0,0.0273551051709261
10.6,4.8,1.0,0.0185828018645338
10.6,5.0,1.0,0.0134832037426077
10.6,5.2,1.0,0.0104756193501047
10.6,5.4,1.0,0.00868777923523038
10.6,5.6,1.0,0.00761109831757801
10.6,5.8,1.0,0.0069527164192672
10.6,6.0,1.0,0.00654431146353561
10.6,6.2,1.0,0.00628796965525103
10.6,6.4,1.0,0.00612570445926008
10.6,6.6,1.0,0.00602254499739154
10.6,6.8,1.0,0.00595705748229786
10.6,7.0,1.0,0.00591592242878793
10.6,7.2,1.0,0.00589076303935631
10.6,7.4,1.0,0.00587625377785074
10.6,7.6,1.0,0.00586897456979928
10.6,7.8,1.0,0.00586670827145998
10.6,8.0,1.0,0.00586800607189178
10.6,8.2,1.0,0.00587191707274498
10.6,8.4,1.0,0.0058778197284086
10.6,8.6,1.0,0.00588531737040755
10.6,8.8,1.0,0.00589417486306717
10.6,9.0,1.0,0.00590428256781898
10.6,9.2,1.0,0.00591563956091172
10.6,9.4,1.0,0.00592835184489125
10.6,9.6,1.0,0.00594264398084304
10.6,9.8,1.0,0.00595888471418068
10.6,10.0,1.0,0.00597762918788657
10.6,10.2,1.0,0.00599968259643321
10.6,10.4,1.0,0.0060261930255728
10.6,10.6,1.0,0.00605878527136993
10.6,10.8,1.0,0.00609975343313081
10.6,11.0,1.0,0.0061523393458761
10.6,11.2,1.0,0.00622113874852178
10.6,11.4,1.0,0.00631270160373982
10.6,11.6,1.0,0.00643643486351637
10.6,11.8,1.0,0.00660598982004573
10.6,12.0,1.0,0.00684145048513322
10.6,12.2,1.0,0.0071728909983187
10.6,12.4,1.0,0.00764635442587877
10.6,12.6,1.0,0.00833426166712778
10.6,12.8,1.0,0.00935418789566223
10.6,13.0,1.0,0.0109038877254494
10.6,13.2,1.0,0.013328506801682
10.6,13.4,1.0,0.0172518607003073
10.6,13.6,1.0,0.0238320974280413
10.6,13.8,1.0,0.0352381864753226
10.6,14.0,1.0,0.0554265930679775
10.6,14.2,1.0,0.0909822069828631
10.6,14.4,1.0,0.150687876303827
10.6,14.6,1.0,0.241036809706661
10.6,14.8,1.0,0.357609263640343
10.6,15.0,1.0,0.482059569211717
10.8,4.0,1.0,0.485902413699203
10.8,4.2,1.0,0.126663333504785
10.8,4.4,1.0,0.0553023696037354
10.8,4.6,1.0,0.0332856608146384
10.8,4.8,1.0,0.0221917294516495
10.8,5.0,1.0,0.0156663830629562
10.8,5.2,1.0,0.0117669406739809
10.8,5.4,1.0,0.00944341967434335
10.8,5.6,1.0,0.00805212339836662
10.8,5.8,1.0,0.00720979312374921
10.8,6.0,1.0,0.0066935690197053
10.8,6.2,1.0,0.00637392463500224
10.8,6.4,1.0,0.00617462224582996
10.8,6.6,1.0,0.0060500403301614
10.8,6.8,1.0,0.00597244523756749
10.8,7.0,1.0,0.00592475019028681
10.8,7.2,1.0,0.00589631085915827
10.8,7.4,1.0,0.00588043447785413
10.8,7.6,1.0,0.00587287911420197
10.8,7.8,1.0,0.00587093775507968
10.8,8.0,1.0,0.00587287409421156
10.8,8.2,1.0,0.00587757291958537
10.8,8.4,1.0,0.00588432307281793
10.8,8.6,1.0,0.00589268334888172
10.8,8.8,1.0,0.0059024011691447
10.8,9.0,1.0,0.00591336578773381
10.8,9.2,1.0,0.00592558526907756
10.8,9.4,1.0,0.00593918132991378
10.8,9.6,1.0,0.00595439949280534
10.8,9.8,1.0,0.00597163457546341
10.8,10.0,1.0,0.00599147385601619
10.8,10.2,1.0,0.00601476273773748
10.8,10.4,1.0,0.00604270083176688
10.8,10.6,1.0,0.00607698065258755
10.8,10.8,1.0,0.00611998743074505
10.8,11.0,1.0,0.00617508829029411
10.8,11.2,1.0,0.00624705464699174
10.8,11.4,1.0,0.00634268754849506
10.8,11.6,1.0,0.0064717599680889
10.8,11.8,1.0,0.00664846836942983
10.8,12.0,1.0,0.00689372864665786
10.8,12.2,1.0,0.00723891966771475
10.8,12.4,1.0,0.00773219516205917
10.8,12.6,1.0,0.00844950880827612
10.8,12.8,1.0,0.00951456665297891
10.8,13.0,1.0,0.0111361568729117
10.8,13.2,1.0,0.0136799551762426
10.8,13.4,1.0,0.0178089442508278
10.8,13.6,1.0,0.0247565478329918
10.8,13.8,1.0,0.0368325038448964
10.8,14.0,1.0,0.0582321050222706
10.8,14.2,1.0,0.0958518294630858
10.8,14.4,1.0,0.158613847309078
10.8,14.6,1.0,0.252438195530812
10.8,14.8,1.0,0.371460847211038
10.8,15.0,1.0,0.496200942994611
11.0,4.2,1.0,0.192969594354209
11.0,4.4,1.0,0.0716448254019174
11.0,4.6,1.0,0.0410310418076862
11.0,4.8,1.0,0.0269714818469478
11.0,5.0,1.0,0.0186552832602285
11.0,5.2,1.0,0.0135776401313086
11.0,5.4,1.0,0.0105196159233951
11.0,5.6,1.0,0.00868899550101039
11.0,5.8,1.0,0.0075876642822242
11.0,6.0,1.0,0.0069186453798638
11.0,6.2,1.0,0.00650841021014414
11.0,6.4,1.0,0.0062552240668742
11.0,6.6,1.0,0.0060986395872247
11.0,6.8,1.0,0.00600218933103504
11.0,7.0,1.0,0.00594357195507573
11.0,7.2,1.0,0.00590899788352373
11.0,7.4,1.0,0.00588986586787421
11.0,7.6,1.0,0.00588077385299741
11.0,7.8,1.0,0.00587831125396991
11.0,8.0,1.0,0.00588031802756925
11.0,8.2,1.0,0.00588542709321625
11.0,8.4,1.0,0.0058927810126851
11.0,8.6,1.0,0.00590185715463705
11.0,8.8,1.0,0.00591236140326702
11.0,9.0,1.0,0.00592416619868415
11.0,9.2,1.0,0.00593727848414598
11.0,9.4,1.0,0.00595182941487873
11.0,9.6,1.0,0.00596808192911299
11.0,9.8,1.0,0.00598645543185166
11.0,10.0,1.0,0.0060075695430873
11.0,10.2,1.0,0.00603231163050617
11.0,10.4,1.0,0.00606193618967237
11.0,10.6,1.0,0.0060982086780542
11.0,10.8,1.0,0.00614361307012573
11.0,11.0,1.0,0.00620165267353058
11.0,11.2,1.0,0.00627729022307695
11.0,11.4,1.0,0.00637760063342637
11.0,11.6,1.0,0.00651275676857409
11.0,11.8,1.0,0.00669755186362435
11.0,12.0,1.0,0.00695381448690863
11.0,12.2,1.0,0.00731435856598079
11.0,12.4,1.0,0.0078296656251558
11.0,12.6,1.0,0.00857959649699258
11.0,12.8,1.0,0.00969465698921955
11.0,13.0,1.0,0.0113959064565405
11.0,13.2,1.0,0.0140719115666919
11.0,13.4,1.0,0.0184294126278178
11.0,13.6,1.0,0.0257859885287891
11.0,13.8,1.0,0.0386084071090909
11.0,14.0,1.0,0.061356081296392
11.0,14.2,1.0,0.10126089721538
11.0,14.4,1.0,0.167365806741814
11.0,14.6,1.0,0.264910052821435
11.0,14.8,1.0,0.386459653997364
11.2,4.2,1.0,0.308846252326142
11.2,4.4,1.0,0.0964342257566652
11.2,4.6,1.0,0.0510628362248916
11.2,4.8,1.0,0.0331035415566719
11.2,5.0,1.0,0.022631228985898
11.2,5.2,1.0,0.0160591207758522
11.2,5.4,1.0,0.0120189682854934
11.2,5.6,1.0,0.00958415578860327
11.2,5.8,1.0,0.00812273548315105
11.2,6.0,1.0,0.00724053814405636
11.2,6.2,1.0,0.00670354896052637
11.2,6.4,1.0,0.00637452164720436
11.2,6.6,1.0,0.00617238909726743
11.2,6.8,1.0,0.00604860574261063
11.2,7.0,1.0,0.00597369500932515
11.2,7.2,1.0,0.00592954983246368
11.2,7.4,1.0,0.00590494702652441
11.2,7.6,1.0,0.0058928839279187
11.2,7.8,1.0,0.00588897141934501
11.2,8.0,1.0,0.00589045263725066
11.2,8.2,1.0,0.0058955989765919
11.2,8.4,1.0,0.00590333692180028
11.2,8.6,1.0,0.00591301787783362
11.2,8.8,1.0,0.00592427780773186
11.2,9.0,1.0,0.00593695440043638
11.2,9.2,1.0,0.00595104240564645
11.2,9.4,1.0,0.00596667596708217
11.2,9.6,1.0,0.00598413222427945
11.2,9.8,1.0,0.00600385436305514
11.2,10.0,1.0,0.0060264955010584
11.2,10.2,1.0,0.00605298792799543
11.2,10.4,1.0,0.0060846458693864
11.2,10.6,1.0,0.00612331480350362
11.2,10.8,1.0,0.00617158742748272
11.2,11.0,1.0,0.00623311724396149
11.2,11.2,1.0,0.00631307819792001
11.2,11.4,1.0,0.00641884784842074
11.2,11.6,1.0,0.0065610415674792
11.2,11.8,1.0,0.0067551141450916
11.2,12.0,1.0,0.00702390812322509
11.2,12.2,1.0,0.00740183575670669
11.2,12.4,1.0,0.00794197817854556
11.2,12.6,1.0,0.00872857176838539
11.2,12.8,1.0,0.00989975866361338
11.2,13.0,1.0,0.0116904172249303
11.2,13.2,1.0,0.0145149589937325
11.2,13.4,1.0,0.0191296305075215
11.2,13.6,1.0,0.0269472976277268
11.2,13.8,1.0,0.0406121580725788
11.2,14.0,1.0,0.0648794315118103
11.2,14.2,1.0,0.10734600090651
11.2,14.4,1.0,0.177152033181221
11.2,14.6,1.0,0.2787235280643
11.2,14.8,1.0,0.402904832354908
11.4,4.2,1.0,0.487506507003287
11.4,4.4,1.0,0.136633165372982
11.4,4.6,1.0,0.0642379339851757
11.4,4.8,1.0,0.0407487593567043
11.4,5.0,1.0,0.0277598860859924
11.4,5.2,1.0,0.0193858172079779
11.4,5.4,1.0,0.0140755027088864
11.4,5.6,1.0,0.0108242042137313
11.4,5.8,1.0,0.00886684025174814
11.4,6.0,1.0,0.00768951545145312
11.4,6.2,1.0,0.00697699724882435
11.4,6.4,1.0,0.00654288421450431
11.4,6.6,1.0,0.00627742226740619
11.4,6.8,1.0,0.00611534222987023
11.4,7.0,1.0,0.00601729974345543
11.4,7.2,1.0,0.00595928176835744
11.4,7.4,1.0,0.00592648835255008
11.4,7.6,1.0,0.00590973315556985
11.4,7.8,1.0,0.00590328816950263
11.4,8.0,1.0,0.00590357505876346
11.4,8.2,1.0,0.00590836281987271
11.4,8.4,1.0,0.00591627323094498
11.4,8.6,1.0,0.00592647596348681
11.4,8.8,1.0,0.00593850213106205
11.4,9.0,1.0,0.00595213309703644
11.4,9.2,1.0,0.00596733852451399
11.4,9.4,1.0,0.00598424842784033
11.4,9.6,1.0,0.00600315102137854
11.4,9.8,1.0,0.00602451308201366
11.4,10.0,1.0,0.00604902341231693
11.4,10.2,1.0,0.00607766359492001
11.4,10.4,1.0,0.00611181426084792
11.4,10.6,1.0,0.00615341033814907
11.4,10.8,1.0,0.00620516628898289
11.4,11.0,1.0,0.00627090391453843
11.4,11.2,1.0,0.00635603389145909
11.4,11.4,1.0,0.00646827319373997
11.4,11.6,1.0,0.00661873402805451
11.4,11.8,1.0,0.00682361521653431
11.4,12.0,1.0,0.00710690215174024
11.4,12.2,1.0,0.00750481304657892
11.4,12.4,1.0,0.00807337422397575
11.4,12.6,1.0,0.00890179304431034
11.4,12.8,1.0,0.010136911527593
11.4,13.0,1.0,0.0120293956274026
11.4,13.2,1.0,0.0150232616617092
11.4,13.4,1.0,0.0199315878073642
11.4,13.6,1.0,0.0282767273179405
11.4,13.8,1.0,0.0429063293362542
11.4,14.0,1.0,0.0689116687058904
11.4,14.2,1.0,0.114291364897812
11.4,14.4,1.0,0.188250411003721
11.4,14.6,1.0,0.294232727191128
11.4,14.8,1.0,0.421174073259187
11.6,4.4,1.0,0.205484091618915
11.6,4.6,1.0,0.082285989400674
11.6,4.8,1.0,0.0500921340806622
11.6,5.0,1.0,0.0341539121935774
11.6,5.2,1.0,0.0237313512916071
11.6,5.4,1.0,0.0168521180982604
11.6,5.6,1.0,0.0125248484868771
11.6,5.8,1.0,0.009892149473386
11.6,6.0,1.0,0.00830837463536842
11.6,6.2,1.0,0.00735386024917951
11.6,6.4,1.0,0.00677512670654129
11.6,6.6,1.0,0.00642257896004115
11.6,6.8,1.0,0.00620773606217956
11.6,7.0,1.0,0.00607765015136018
11.6,7.2,1.0,0.00600022464595592
11.6,7.4,1.0,0.00595578988080867
11.6,7.6,1.0,0.00593219475509494
11.6,7.8,1.0,0.00592189402721889
11.6,8.0,1.0,0.00592019208607139
11.6,8.2,1.0,0.0059241714732648
11.6,8.4,1.0,0.00593203441117435
11.6,8.6,1.0,0.00594269724921211
11.6,8.8,1.0,0.00595554193665937
11.6,9.0,1.0,0.00597026655958202
11.6,9.2,1.0,0.00598679994886793
11.6,9.4,1.0,0.00600525963762502
11.6,9.6,1.0,0.00602594162837469
11.6,9.8,1.0,0.00604933669876577
11.6,10.0,1.0,0.00607617272174311
11.6,10.2,1.0,0.00610748669046756
11.6,10.4,1.0,0.00614473465459145
11.6,10.6,1.0,0.00618995348665831
11.6,10.8,1.0,0.0062459965059195
11.6,11.0,1.0,0.00631687737487307
11.6,11.2,1.0,0.00640827658097423
11.6,11.4,1.0,0.00652829805718062
11.6,11.6,1.0,0.00668862099854197
11.6,11.8,1.0,0.00690629470281311
11.6,12.0,1.0,0.00720661370963657
11.6,12.2,1.0,0.00762787011876321
11.6,12.4,1.0,0.00822948146954575
11.6,12.6,1.0,0.00910639486924528
11.6,12.8,1.0,0.0104155261582764
11.6,13.0,1.0,0.0124258741901654
11.6,13.2,1.0,0.0156159272189747
11.6,13.4,1.0,0.0208650901813338
11.6,13.6,1.0,0.0298236250773108
11.6,13.8,1.0,0.0455763414742466
11.6,14.0,1.0,0.0736022582380207
11.6,14.2,1.0,0.122346859653143
11.6,14.4,1.0,0.201031785372134
11.6,14.6,1.0,0.311896242618542
11.6,14.8,1.0,0.441734937740846
11.8,4.4,1.0,0.323174027704003
11.8,4.6,1.0,0.108750158391225
11.8,4.8,1.0,0.06148645756749
11.8,5.0,1.0,0.0418512434892257
11.8,5.2,1.0,0.0292288244277788
11.8,5.4,1.0,0.020526229270055
11.8,5.6,1.0,0.0148328484734456
11.8,5.8,1.0,0.011296675238527
11.8,6.0,1.0,0.00915680825194253
11.8,6.2,1.0,0.00786941809189924
11.8,6.4,1.0,0.00709209077685149
11.8,6.6,1.0,0.0066203109639251
11.8,6.8,1.0,0.00633333916138828
11.8,7.0,1.0,0.00615940525465997
11.8,7.2,1.0,0.00605531509490589
11.8,7.4,1.0,0.0059947609549481
11.8,7.6,1.0,0.00596157046093523
11.8,7.8,1.0,0.00594574005668553
11.8,8.0,1.0,0.00594106340193717
11.8,8.2,1.0,0.00594369335602563
11.8,8.4,1.0,0.00595126174710824
11.8,8.6,1.0,0.00596233819226435
11.8,8.8,1.0,0.00597609809561732
11.8,9.0,1.0,0.00599212171451238
11.8,9.2,1.0,0.00601027715785516
11.8,9.4,1.0,0.00603065920964011
11.8,9.6,1.0,0.00605356794686999
11.8,9.8,1.0,0.00607951919201053
11.8,10.0,1.0,0.00610928474925562
11.8,10.2,1.0,0.00614396538621138
11.8,10.4,1.0,0.00618510465739585
11.8,10.6,1.0,0.00623485796006683
11.8,10.8,1.0,0.00629624000821978
11.8,11.0,1.0,0.00637348727426343
11.8,11.2,1.0,0.00647259340301339
11.8,11.4,1.0,0.00660211150875384
11.8,11.6,1.0,0.00677437953777111
11.8,11.8,1.0,0.00700743648604974
11.8,12.0,1.0,0.00732810360261216
11.8,12.2,1.0,0.00777709756321454
11.8,12.4,1.0,0.00841781129936116
11.8,12.6,1.0,0.00935193939002083
11.8,12.8,1.0,0.0107482744491778
11.8,13.0,1.0,0.0128974928251175
11.8,13.2,1.0,0.0163189601245525
11.8,13.4,1.0,0.0219709213890581
11.8,13.6,1.0,0.0316558306026421
11.8,13.8,1.0,0.048739940940312
11.8,14.0,1.0,0.0791569001643203
11.8,14.2,1.0,0.131853056237846
11.8,14.4,1.0,0.215990159179194
11.8,14.6,1.0,0.332300420204065
11.8,14.8,1.0,0.465150002068264
12.0,4.6,1.0,0.150711175079742
12.0,4.8,1.0,0.0757443716799835
12.0,5.0,1.0,0.050842616193993
12.0,5.2,1.0,0.0359259621159506
12.0,5.4,1.0,0.0252583091691897
12.0,5.6,1.0,0.0179200110911264
12.0,5.8,1.0,0.0132087647872253
12.0,6.0,1.0,0.0103167777754309
12.0,6.2,1.0,0.00857287863203435
12.0,6.4,1.0,0.00752290416237075
12.0,6.6,1.0,0.00688798834203954
12.0,6.8,1.0,0.00650267585662032
12.0,7.0,1.0,0.00626906822076966
12.0,7.2,1.0,0.00612866971465031
12.0,7.4,1.0,0.00604609411049128
12.0,7.6,1.0,0.00599970622241775
12.0,7.8,1.0,0.00597617800531779
12.0,8.0,1.0,0.00596726491958398
12.0,8.2,1.0,0.00596786607767252
12.0,8.4,1.0,0.00597484298360945
12.0,8.6,1.0,0.00598629530918346
12.0,8.8,1.0,0.00600111661542266
12.0,9.0,1.0,0.00601872427924184
12.0,9.2,1.0,0.0060388999932935
12.0,9.4,1.0,0.00606170275841837
12.0,9.6,1.0,0.00608743228735585
12.0,9.8,1.0,0.00611663123075201
12.0,10.0,1.0,0.00615012209207071
12.0,10.2,1.0,0.00618908075926054
12.0,10.4,1.0,0.0062351545136476
12.0,10.6,1.0,0.00629063940349626
12.0,10.8,1.0,0.00635874151148239
12.0,11.0,1.0,0.00644396119581373
12.0,11.2,1.0,0.00655266272391986
12.0,11.4,1.0,0.00669393083967331
12.0,11.6,1.0,0.00688088382881005
12.0,11.8,1.0,0.00713273492062631
12.0,12.0,1.0,0.00747812062267226
12.0,12.2,1.0,0.00796064769809247
12.0,12.4,1.0,0.00864846076111738
12.0,12.6,1.0,0.00965134278103219
12.0,12.8,1.0,0.0111523660490581
12.0,13.0,1.0,0.0134683500211405
12.0,13.2,1.0,0.0171681056805069
12.0,13.4,1.0,0.0233054779967848
12.0,13.6,1.0,0.0338676150374656
12.0,13.8,1.0,0.0525611075861371
12.0,14.0,1.0,0.0858610498393219
12.0,14.2,1.0,0.143275884328343
12.0,14.4,1.0,0.233780224365473
12.0,14.6,1.0,0.356179983627519
12.0,14.8,1.0,0.492067175189188
12.2,4.6,1.0,0.221327988904718
12.2,4.8,1.0,0.0946578050226199
12.2,5.0,1.0,0.0611778959198526
12.2,5.2,1.0,0.0437605494323367
12.2,5.4,1.0,0.0311448848753379
12.2,5.6,1.0,0.0219628288121493
12.2,5.8,1.0,0.0157870913921582
12.2,6.0,1.0,0.0118981169748124
12.2,6.2,1.0,0.00953227614034275
12.2,6.4,1.0,0.00810814776370698
12.2,6.6,1.0,0.00724977017142983
12.2,6.8,1.0,0.0067303304011303
12.2,7.0,1.0,0.00641562862852435
12.2,7.2,1.0,0.00622597600010289
12.2,7.4,1.0,0.00611351253443881
12.2,7.6,1.0,0.00604915682966834
12.2,7.8,1.0,0.00601507706785123
12.2,8.0,1.0,0.00600027846724394
12.2,8.2,1.0,0.00599797177114134
12.2,8.4,1.0,0.00600398135604584
12.2,8.6,1.0,0.0060157731927379
12.2,8.8,1.0,0.00603185930475058
12.2,9.0,1.0,0.006051434793845
12.2,9.2,1.0,0.00607416126495105
12.2,9.4,1.0,0.00610004505272485
12.2,9.6,1.0,0.00612938000354487
12.2,9.8,1.0,0.00616273832799982
12.2,10.0,1.0,0.00620100256223465
12.2,10.2,1.0,0.00624543912460445
12.2,10.4,1.0,0.00629782092512488
12.2,10.6,1.0,0.00636061444728342
12.2,10.8,1.0,0.00643725742435992
12.2,11.0,1.0,0.00653256925385838
12.2,11.2,1.0,0.00665336195662036
12.2,11.4,1.0,0.00680936256966155
12.2,11.6,1.0,0.00701463296918242
12.2,11.8,1.0,0.00728980854008087
12.2,12.0,1.0,0.0076657290704368
12.2,12.2,1.0,0.00818951816145722
12.2,12.4,1.0,0.00893511886908613
12.2,12.6,1.0,0.0100222139422181
12.2,12.8,1.0,0.0116514080727658
12.2,13.0,1.0,0.0141717221659286
12.2,13.2,1.0,0.0182130599494755
12.2,13.4,1.0,0.024947671752549
12.2,13.6,1.0,0.0365915323202775
12.2,13.8,1.0,0.0572706942677745
12.2,14.0,1.0,0.0941140157932276
12.2,14.2,1.0,0.157253820447316
12.2,14.4,1.0,0.25526042278255
12.2,14.6,1.0,0.384425951560276
12.4,4.6,1.0,0.339897297520372
12.4,4.8,1.0,0.121921012331319
12.4,5.0,1.0,0.0731666147398422
12.4,5.2,1.0,0.0525866701855102
12.4,5.4,1.0,0.0381712145834161
12.4,5.6,1.0,0.0271036963747865
12.4,5.8,1.0,0.0192104249298806
12.4,6.0,1.0,0.01404220839467
12.4,6.2,1.0,0.0108402718641788
12.4,6.4,1.0,0.00890415451622695
12.4,6.6,1.0,0.00773925925053962
12.4,6.8,1.0,0.00703650622640596
12.4,7.0,1.0,0.00661148101369236
12.4,7.2,1.0,0.00635504822933947
12.4,7.4,1.0,0.00620212013864603
12.4,7.6,1.0,0.00611341787305134
12.4,7.8,1.0,0.00606498776240821
12.4,8.0,1.0,0.00604211700327026
12.4,8.2,1.0,0.00603574153720504
12.4,8.4,1.0,0.00604029053839789
12.4,8.6,1.0,0.00605237737431791
12.4,8.8,1.0,0.00606999969466516
12.4,9.0,1.0,0.00609205144081409
12.4,9.2,1.0,0.00611802960383443
12.4,9.4,1.0,0.00614786572396604
12.4,9.6,1.0,0.00618184083585868
12.4,9.8,1.0,0.00622056076462662
12.4,10.0,1.0,0.00626498098027304
12.4,10.2,1.0,0.00631647951048142
12.4,10.4,1.0,0.00637698474576628
12.4,10.6,1.0,0.00644917414118457
12.4,10.8,1.0,0.0065367718727084
12.4,11.0,1.0,0.00664499138589984
12.4,11.2,1.0,0.0067811973627738
12.4,11.4,1.0,0.00695590969706666
12.4,11.6,1.0,0.00718435609068086
12.4,11.8,1.0,0.00748893186939165
12.4,12.0,1.0,0.00790320939302588
12.4,12.2,1.0,0.00847868535693578
12.4,12.4,1.0,0.00929653406067428
12.4,12.6,1.0,0.0104888230529467
12.4,12.8,1.0,0.0122781629745721
12.4,13.0,1.0,0.0150541294131712
12.4,13.2,1.0,0.0195238106103094
12.4,13.4,1.0,0.0270093789522596
12.4,13.6,1.0,0.0400163621542318
12.4,13.8,1.0,0.0631973355171788
12.4,14.0,1.0,0.104478245224706
12.4,14.2,1.0,0.174659875706532
12.4,14.4,1.0,0.281533877895988
12.4,14.6,1.0,0.41806065005509
12.6,4.8,1.0,0.164768450223728
12.6,5.0,1.0,0.0876911422608216
12.6,5.2,1.0,0.0622684663697603
12.6,5.4,1.0,0.0461916472420582
12.6,5.6,1.0,0.0333990299574366
12.6,5.8,1.0,0.0236508272070359
12.6,6.0,1.0,0.0169194461407067
12.6,6.2,1.0,0.0126197278512697
12.6,6.4,1.0,0.0099885103443991
12.6,6.6,1.0,0.00840320402638235
12.6,6.8,1.0,0.00744925811270803
12.6,7.0,1.0,0.00687374361161147
12.6,7.2,1.0,0.00652662128853351
12.6,7.4,1.0,0.00631889803079383
12.6,7.6,1.0,0.00619725262785122
12.6,7.8,1.0,0.00612937151035849
12.6,8.0,1.0,0.00609549893668828
12.6,8.2,1.0,0.00608349984454638
12.6,8.4,1.0,0.00608592500828351
12.6,8.6,1.0,0.00609824108189159
12.6,8.8,1.0,0.00611775344523536
12.6,9.0,1.0,0.00614294954413882
12.6,9.2,1.0,0.00617310253061915
12.6,9.4,1.0,0.00620803996628718
12.6,9.6,1.0,0.00624802127813197
12.6,9.8,1.0,0.0062936919301069
12.6,10.0,1.0,0.00634609833436707
12.6,10.2,1.0,0.00640675928629437
12.6,10.4,1.0,0.00647779984495761
12.6,10.6,1.0,0.00656216433053126
12.6,10.8,1.0,0.0066639389135445
12.6,11.0,1.0,0.00678883454293838
12.6,11.2,1.0,0.00694491330860397
12.6,11.4,1.0,0.00714369580422626
12.6,11.6,1.0,0.00740188255515762
12.6,11.8,1.0,0.00774409592122322
12.6,12.0,1.0,0.00820737377166043
12.6,12.2,1.0,0.00884877377920004
12.6,12.4,1.0,0.00975869372425628
12.6,12.6,1.0,0.0110850503592936
12.6,12.8,1.0,0.0130787146080848
12.6,13.0,1.0,0.0161815263814607
12.6,13.2,1.0,0.0212003551137955
12.6,13.4,1.0,0.0296515105546768
12.6,13.6,1.0,0.0444146084530985
12.6,13.8,1.0,0.0708139305120956
12.6,14.0,1.0,0.117749480904937
12.6,14.2,1.0,0.196676920939392
12.6,14.4,1.0,0.313966647309012
12.6,14.6,1.0,0.458144223128638
12.8,4.8,1.0,0.236290696091934
12.8,5.0,1.0,0.106704014583385
12.8,5.2,1.0,0.0728356666021324
12.8,5.4,1.0,0.0549636794600999
12.8,5.6,1.0,0.0407743167137066
12.8,5.8,1.0,0.0292283767707489
12.8,6.0,1.0,0.0207141690913697
12.8,6.2,1.0,0.0150262670290685
12.8,6.4,1.0,0.0114663338264292
12.8,6.6,1.0,0.00930648656177521
12.8,6.8,1.0,0.00800766635834398
12.8,7.0,1.0,0.00722615973497591
12.8,7.2,1.0,0.00675549305950016
12.8,7.4,1.0,0.00647341407470642
12.8,7.6,1.0,0.00630715571104267
12.8,7.8,1.0,0.00621292391537938
12.8,8.0,1.0,0.00616409183084766
12.8,8.2,1.0,0.00614436495090537
12.8,8.4,1.0,0.00614375979237806
12.8,8.6,1.0,0.00615619911654876
12.8,8.8,1.0,0.00617805667588632
12.8,9.0,1.0,0.00620727214235924
12.8,9.2,1.0,0.00624281573089899
12.8,9.4,1.0,0.00628437243273706
12.8,9.6,1.0,0.00633216903119353
12.8,9.8,1.0,0.00638689972833271
12.8,10.0,1.0,0.00644972738882038
12.8,10.2,1.0,0.00652235249181207
12.8,10.4,1.0,0.00660715442532107
12.8,10.6,1.0,0.00670742259726838
12.8,10.8,1.0,0.00682771094231945
12.8,11.0,1.0,0.00697437281688467
12.8,11.2,1.0,0.00715637056205908
12.8,11.4,1.0,0.00738651690914906
12.8,11.6,1.0,0.00768341602248352
12.8,11.8,1.0,0.00807457352334484
12.8,12.0,1.0,0.00860152414211511
12.8,12.2,1.0,0.00932856154128676
12.8,12.4,1.0,0.010358123389179
12.8,12.6,1.0,0.0118588875207535
12.8,12.8,1.0,0.014118879303016
12.8,13.0,1.0,0.0176488976569356
12.8,13.2,1.0,0.0233878416700628
12.8,13.4,1.0,0.0331090668530347
12.8,13.6,1.0,0.0501849799502279
12.8,13.8,1.0,0.0808072096839469
12.8,14.0,1.0,0.135052804806119
12.8,14.2,1.0,0.224873466845254
12.8,14.4,1.0,0.354138134490801
13.0,4.8,1.0,0.355021203556655
13.0,5.0,1.0,0.134099793698675
13.0,5.2,1.0,0.0846903869487557
13.0,5.4,1.0,0.0642403061409491
13.0,5.6,1.0,0.0490152002190014
13.0,5.8,1.0,0.0359573659262408
13.0,6.0,1.0,0.0255913766246603
13.0,6.2,1.0,0.0182427507187554
13.0,6.4,1.0,0.0134757989952226
13.0,6.6,1.0,0.0105384178066339
13.0,6.8,1.0,0.00876627315251422
13.0,7.0,1.0,0.00770184334546155
13.0,7.2,1.0,0.00706218313854548
13.0,7.4,1.0,0.0066788482551608
13.0,7.6,1.0,0.00645201794146925
13.0,7.8,1.0,0.00632203458430419
13.0,8.0,1.0,0.0062528562746838
13.0,8.2,1.0,0.00622252952987181
13.0,8.4,1.0,0.00621764044904145
13.0,8.6,1.0,0.00623002848158864
13.0,8.8,1.0,0.00625481211049975
13.0,9.0,1.0,0.00628919293844238
13.0,9.2,1.0,0.00633173225991641
13.0,9.4,1.0,0.00638192144863806
13.0,9.6,1.0,0.00643994110041785
13.0,9.8,1.0,0.00650654821447233
13.0,10.0,1.0,0.00658305890195439
13.0,10.2,1.0,0.00667141370676875
13.0,10.4,1.0,0.00677432840516443
13.0,10.6,1.0,0.00689554878832769
13.0,10.8,1.0,0.00704024711453467
13.0,11.0,1.0,0.00721562553685882
13.0,11.2,1.0,0.00743183572930707
13.0,11.4,1.0,0.00770339816756887
13.0,11.6,1.0,0.00805143554378543
13.0,11.8,1.0,0.00850727449903557
13.0,12.0,1.0,0.00911842297610374
13.0,12.2,1.0,0.00995881377566179
13.0,12.4,1.0,0.0111469762334423
13.0,12.6,1.0,0.0128794370634167
13.0,12.8,1.0,0.015494247737218
13.0,13.0,1.0,0.0195953756539775
13.0,13.2,1.0,0.0263004907889311
13.0,13.4,1.0,0.0377305719730684
13.0,13.6,1.0,0.0579180295936511
13.0,13.8,1.0,0.0941796179957908
13.0,14.0,1.0,0.157962831171714
13.0,14.2,1.0,0.261239128184652
13.0,14.4,1.0,0.40364075599524
13.2,5.0,1.0,0.177275312935225
13.2,5.2,1.0,0.0988877534935618
13.2,5.4,1.0,0.0739007858273848
13.2,5.6,1.0,0.0578140272946593
13.2,5.8,1.0,0.0437083419318999
13.2,6.0,1.0,0.0316464586670975
13.2,6.2,1.0,0.0224590588044796
13.2,6.4,1.0,0.0161894427322072
13.2,6.6,1.0,0.0122197246195374
13.2,6.8,1.0,0.00980106562042682
13.2,7.0,1.0,0.00834722463140993
13.2,7.2,1.0,0.0074753605100192
13.2,7.4,1.0,0.00695349353945164
13.2,7.6,1.0,0.00664409322585371
13.2,7.8,1.0,0.00646545028976408
13.2,8.0,1.0,0.00636853757000972
13.2,8.2,1.0,0.00632365862125754
13.2,8.4,1.0,0.00631273504306825
13.2,8.6,1.0,0.00632478547331933
13.2,8.8,1.0,0.00635323303538273
13.2,9.0,1.0,0.00639428374504877
13.2,9.2,1.0,0.0064459475278614
13.2,9.4,1.0,0.00650745470542893
13.2,9.6,1.0,0.00657892370146142
13.2,9.8,1.0,0.00666119655082079
13.2,10.0,1.0,0.00675579674938037
13.2,10.2,1.0,0.00686498975656504
13.2,10.4,1.0,0.00699194664212758
13.2,10.6,1.0,0.00714103079929896
13.2,10.8,1.0,0.00731825101285808
13.2,11.0,1.0,0.00753195753708802
13.2,11.2,1.0,0.00779391085502493
13.2,11.4,1.0,0.00812094264539881
13.2,11.6,1.0,0.0085375877082488
13.2,11.8,1.0,0.00908035819856675
13.2,12.0,1.0,0.00980488725445252
13.2,12.2,1.0,0.0107982578196216
13.2,12.4,1.0,0.0122010267415597
13.2,12.6,1.0,0.0142479829439156
13.2,12.8,1.0,0.0173461603681893
13.2,13.0,1.0,0.0222283767923577
13.2,13.2,1.0,0.0302597432762995
13.2,13.4,1.0,0.0440402605632434
13.2,13.6,1.0,0.0684961862668443
13.2,13.8,1.0,0.112390607914328
13.2,14.0,1.0,0.188623135228107
13.2,14.2,1.0,0.308082984677777
13.2,14.4,1.0,0.463612881989867
13.4,5.0,1.0,0.249283093135719
13.4,5.2,1.0,0.117587923596954
13.4,5.4,1.0,0.0840968449669709
13.4,5.6,1.0,0.0668647504176767
13.4,5.8,1.0,0.0522140159661037
13.4,6.0,1.0,0.0388529497145672
13.4,6.2,1.0,0.0278328896002692
13.4,6.4,1.0,0.0198055022932048
13.4,6.6,1.0,0.0145082665556296
13.4,6.8,1.0,0.0112170153839126
13.4,7.0,1.0,0.00922763165920994
13.4,7.2,1.0,0.00803541320925381
13.4,7.4,1.0,0.00732298189158504
13.4,7.6,1.0,0.00690042772517611
13.4,7.8,1.0,0.00665524770458378
13.4,8.0,1.0,0.00652038056099368
13.4,8.2,1.0,0.00645546310434477
13.4,8.4,1.0,0.00643603749270318
13.4,8.6,1.0,0.00644728512646115
13.4,8.8,1.0,0.00648033123089114
13.4,9.0,1.0,0.0065300358115892
13.4,9.2,1.0,0.00659366529884716
13.4,9.4,1.0,0.00667010010299142
13.4,9.6,1.0,0.00675937886381765
13.4,9.8,1.0,0.00686246458493448
13.4,10.0,1.0,0.00698116948053344
13.4,10.2,1.0,0.00711820968320213
13.4,10.4,1.0,0.0072773871794535
13.4,10.6,1.0,0.00746392098064409
13.4,10.8,1.0,0.00768497869155762
13.4,11.0,1.0,0.00795050102124492
13.4,11.2,1.0,0.00827447757175206
13.4,11.4,1.0,0.00867694413028598
13.4,11.6,1.0,0.00918717084040352
13.4,11.8,1.0,0.00984887833993142
13.4,12.0,1.0,0.0107290207976452
13.4,12.2,1.0,0.0119330565791962
13.4,12.4,1.0,0.0136324255026039
13.4,12.6,1.0,0.0161157487775074
13.4,12.8,1.0,0.0198874200645077
13.4,13.0,1.0,0.0258624376359731
13.4,13.2,1.0,0.035755170634468
13.4,13.4,1.0,0.0528350318406561
13.4,13.6,1.0,0.0832402111127584
13.4,13.8,1.0,0.137528784457851
13.4,14.0,1.0,0.229780737536127
13.4,14.2,1.0,0.367615314596611
13.6,5.0,1.0,0.368067292483363
13.6,5.2,1.0,0.14489225429445
13.6,5.4,1.0,0.0954183073880557
13.6,5.6,1.0,0.0759771614429418
13.6,5.8,1.0,0.0611298924247769
13.6,6.0,1.0,0.0470358198310583
13.6,6.2,1.0,0.0344367862070433
13.6,6.4,1.0,0.0245227972474463
13.6,6.6,1.0,0.0175993789595491
13.6,6.8,1.0,0.013156411682046
13.6,7.0,1.0,0.0104349281602435
13.6,7.2,1.0,0.00879968942323232
13.6,7.4,1.0,0.0078236255144977
13.6,7.6,1.0,0.00724500956298979
13.6,7.8,1.0,0.00690828801314009
13.6,8.0,1.0,0.00672118933769975
13.6,8.2,1.0,0.0066285420324929
13.6,8.4,1.0,0.00659710081274395
13.6,8.6,1.0,0.00660679546244048
13.6,8.8,1.0,0.00664562140807371
13.6,9.0,1.0,0.00670661251081373
13.6,9.2,1.0,0.00678603145845697
13.6,9.4,1.0,0.00688229207380226
13.6,9.6,1.0,0.00699533630066876
13.6,9.8,1.0,0.00712630721236377
13.6,10.0,1.0,0.00727743048610443
13.6,10.2,1.0,0.00745206307737295
13.6,10.4,1.0,0.00765490243738518
13.6,10.6,1.0,0.00789238151981183
13.6,10.8,1.0,0.00817331213056495
13.6,11.0,1.0,0.00850989197276442
13.6,11.2,1.0,0.00891927486892182
13.6,11.4,1.0,0.00942604733491857
13.6,11.6,1.0,0.0100662116722797
13.6,11.8,1.0,0.0108937525809559
13.6,12.0,1.0,0.0119917788016415
13.6,12.2,1.0,0.0134920399827948
13.6,12.4,1.0,0.0156102956383331
13.6,12.6,1.0,0.0187126449285392
13.6,12.8,1.0,0.0234438855523303
13.6,13.0,1.0,0.0309816150854989
13.6,13.2,1.0,0.0435404989796236
13.6,13.4,1.0,0.0653303049042426
13.6,13.6,1.0,0.104104178372104
13.6,13.8,1.0,0.172454906129945
13.6,14.0,1.0,0.284534828682084
13.6,14.2,1.0,0.440992086045026
13.8,5.2,1.0,0.188371084322759
13.8,5.4,1.0,0.109131273680868
13.8,5.6,1.0,0.0851842067530101
13.8,5.8,1.0,0.0701318513420338
13.8,6.0,1.0,0.0558947247782521
13.8,6.2,1.0,0.0422113751739143
13.8,6.4,1.0,0.0304970666140847
13.8,6.6,1.0,0.0217146081452672
13.8,6.8,1.0,0.015805667689197
13.8,7.0,1.0,0.0120973383839019
13.8,7.2,1.0,0.00985010756644488
13.8,7.4,1.0,0.00850747707539576
13.8,7.6,1.0,0.00771205980889478
13.8,7.8,1.0,0.00724843824639787
13.8,8.0,1.0,0.00698893297173603
13.8,8.2,1.0,0.00685764704218051
13.8,8.4,1.0,0.00680912803504199
13.8,8.6,1.0,0.00681606348677642
13.8,8.8,1.0,0.00686215855852367
13.8,9.0,1.0,0.00693795739436627
13.8,9.2,1.0,0.00703836442710492
13.8,9.4,1.0,0.00716117437618164
13.8,9.6,1.0,0.0073062215095572
13.8,9.8,1.0,0.00747492754384296
13.8,10.0,1.0,0.00767012675086738
13.8,10.2,1.0,0.00789611012817618
13.8,10.4,1.0,0.00815887692267568
13.8,10.6,1.0,0.00846662397946623
13.8,10.8,1.0,0.00883055239234872
13.8,11.0,1.0,0.00926614032287584
13.8,11.2,1.0,0.00979514187402308
13.8,11.4,1.0,0.0104487624802589
13.8,11.6,1.0,0.0112728038204848
13.8,11.8,1.0,0.0123362097917501
13.8,12.0,1.0,0.0137456747964506
13.8,12.2,1.0,0.0156714158363365
13.8,12.4,1.0,0.0183941789539053
13.8,12.6,1.0,0.0223938473907971
13.8,12.8,1.0,0.0285213520600831
13.8,13.0,1.0,0.0383380380681771
13.8,13.2,1.0,0.0547793552931096
13.8,13.4,1.0,0.08336160863911
13.8,13.6,1.0,0.133878492115783
13.8,13.8,1.0,0.220732265391832
13.8,14.0,1.0,0.35545780768959
14.0,5.2,1.0,0.261119209711249
14.0,5.4,1.0,0.127610698610337
14.0,5.6,1.0,0.0948423477347061
14.0,5.8,1.0,0.079016859117005
14.0,6.0,1.0,0.0650782031489813
14.0,6.2,1.0,0.0509536422025714
14.0,6.4,1.0,0.0377885264549043
14.0,6.6,1.0,0.0270730150525045
14.0,6.8,1.0,0.0193960028926633
14.0,7.0,1.0,0.0143907393196941
14.0,7.2,1.0,0.0113039294662534
14.0,7.4,1.0,0.00945002302030746
14.0,7.6,1.0,0.00835115471648121
14.0,7.8,1.0,0.00771003862952073
14.0,8.0,1.0,0.00734923712923703
14.0,8.2,1.0,0.00716362633084067
14.0,8.4,1.0,0.00709063368683899
14.0,8.6,1.0,0.00709286601965487
14.0,8.8,1.0,0.00714809904979772
14.0,9.0,1.0,0.00724346005585689
14.0,9.2,1.0,0.00737200863293674
14.0,9.4,1.0,0.00753072207911973
14.0,9.6,1.0,0.00771933254029655
14.0,9.8,1.0,0.00793970649570635
14.0,10.0,1.0,0.00819559754807675
14.0,10.2,1.0,0.00849269129573229
14.0,10.4,1.0,0.00883892441004489
14.0,10.6,1.0,0.00924511701312868
14.0,10.8,1.0,0.00972602353361507
14.0,11.0,1.0,0.0103020011692856
14.0,11.2,1.0,0.0110016462523071
14.0,11.4,1.0,0.0118660097117217
14.0,11.6,1.0,0.0129554739488606
14.0,11.8,1.0,0.0143612549247913
14.0,12.0,1.0,0.0162251952704416
14.0,12.2,1.0,0.0187748945920008
14.0,12.4,1.0,0.0223880908515229
14.0,12.6,1.0,0.0277143170768824
14.0,12.8,1.0,0.0359104545107085
14.0,13.0,1.0,0.0491006096002932
14.0,13.2,1.0,0.0712478037888333
14.0,13.4,1.0,0.109610590292057
14.0,13.6,1.0,0.176243353316504
14.0,13.8,1.0,0.285957288137161
14.0,14.0,1.0,0.442816035577357
14.2,5.2,1.0,0.38067000582969
14.2,5.4,1.0,0.155187876500402
14.2,5.6,1.0,0.105760099847542
14.2,5.8,1.0,0.0877828343785304
14.2,6.0,1.0,0.0742823826857589
14.2,6.2,1.0,0.0603586997036582
14.2,6.4,1.0,0.0463249193416912
14.2,6.6,1.0,0.0338458771355969
14.2,6.8,1.0,0.0241916347346791
14.2,7.0,1.0,0.0175490173273447
14.2,7.2,1.0,0.013328326682011
14.2,7.4,1.0,0.0107618391154308
14.2,7.6,1.0,0.00923531191507245
14.2,7.8,1.0,0.00834343515912115
14.2,8.0,1.0,0.00783934828662824
14.2,8.2,1.0,0.00757649134660044
14.2,8.4,1.0,0.00746803901937097
14.2,8.6,1.0,0.00746241148130664
14.2,8.8,1.0,0.00752910496059592
14.2,9.0,1.0,0.00765051665413077
14.2,9.2,1.0,0.00781718658335625
14.2,9.4,1.0,0.00802501815497901
14.2,9.6,1.0,0.00827368367249934
14.2,9.8,1.0,0.00856577624062913
14.2,10.0,1.0,0.00890647116484337
14.2,10.2,1.0,0.00930358374170211
14.2,10.4,1.0,0.00976799827641877
14.2,10.6,1.0,0.0103145217414159
14.2,10.8,1.0,0.0109633068792519
14.2,11.0,1.0,0.0117421203599395
14.2,11.2,1.0,0.0126899434435521
14.2,11.4,1.0,0.013862760047316
14.2,11.6,1.0,0.0153430528885196
14.2,11.8,1.0,0.0172557761539297
14.2,12.0,1.0,0.0197959812910563
14.2,12.2,1.0,0.0232780373483161
14.2,12.4,1.0,0.02822597540162
14.2,12.6,1.0,0.0355437764870576
14.2,12.8,1.0,0.0468417371781073
14.2,13.0,1.0,0.0650573655058643
14.2,13.2,1.0,0.0955613540320645
14.2,13.4,1.0,0.147712323132944
14.2,13.6,1.0,0.235291159996759
14.2,13.8,1.0,0.370008510918649
14.4,5.4,1.0,0.199703716879978
14.4,5.6,1.0,0.119428866091848
14.4,5.8,1.0,0.0966901167599492
14.4,6.0,1.0,0.0833396063827887
14.4,6.2,1.0,0.0701060095285652
14.4,6.4,1.0,0.0559080498330884
14.4,6.6,1.0,0.0421092994877243
14.4,6.8,1.0,0.0304609120143465
14.4,7.0,1.0,0.0218688062696375
14.4,7.2,1.0,0.016158636248618
14.4,7.4,1.0,0.0126060130376612
14.4,7.6,1.0,0.0104738880943007
14.4,7.8,1.0,0.00922399583378847
14.4,8.0,1.0,0.00851460482179742
14.4,8.2,1.0,0.00814038713896808
14.4,8.4,1.0,0.00797983568622096
14.4,8.6,1.0,0.0079611561703108
14.4,8.8,1.0,0.00804213777345069
14.4,9.0,1.0,0.00819855595202909
14.4,9.2,1.0,0.00841748229913742
14.4,9.4,1.0,0.00869341593724974
14.4,9.6,1.0,0.00902608497696979
14.4,9.8,1.0,0.00941928877527533
14.4,10.0,1.0,0.00988044565622124
14.4,10.2,1.0,0.0104206882200912
14.4,10.4,1.0,0.0110554726372115
14.4,10.6,1.0,0.0118057788541279
14.4,10.8,1.0,0.0127001078426839
14.4,11.0,1.0,0.0137776683988898
14.4,11.2,1.0,0.0150934496549277
14.4,11.4,1.0,0.0167264039360244
14.4,11.6,1.0,0.0187929228038611
14.4,11.8,1.0,0.0214695811255276
14.4,12.0,1.0,0.0250325618126749
14.4,12.2,1.0,0.0299278947610311
14.4,12.4,1.0,0.0368998626917602
14.4,12.6,1.0,0.0472303564358114
14.4,12.8,1.0,0.0631865099329834
14.4,13.0,1.0,0.0888286274282124
14.4,13.2,1.0,0.131280558108533
14.4,13.4,1.0,0.201876670846572
14.4,13.6,1.0,0.313945003477949
14.4,13.8,1.0,0.470356033858495
14.6,5.4,1.0,0.274507477355818
14.6,5.6,1.0,0.138487316886171
14.6,5.8,1.0,0.106333545106544
14.6,6.0,1.0,0.0922786920713685
14.6,6.2,1.0,0.0799578891233735
14.6,6.4,1.0,0.0662746762968437
14.6,6.6,1.0,0.0518221324543738
14.6,6.8,1.0,0.0384346844565204
14.6,7.0,1.0,0.0277026871683847
14.6,7.2,1.0,0.0201186353123138
14.6,7.4,1.0,0.0152235204488723
14.6,7.6,1.0,0.0122332523291305
14.6,7.8,1.0,0.0104670883404377
14.6,8.0,1.0,0.00945927380758699
14.6,8.2,1.0,0.00892187522275737
14.6,8.4,1.0,0.00868345407183065
14.6,8.6,1.0,0.00864303124252572
14.6,8.8,1.0,0.00874159396942098
14.6,9.0,1.0,0.00894551485827481
14.6,9.2,1.0,0.00923703679182588
14.6,9.4,1.0,0.00960882786995582
14.6,9.6,1.0,0.0100609241589689
14.6,9.8,1.0,0.0105991454725529
14.6,10.0,1.0,0.0112345030796976
14.6,10.2,1.0,0.0119833768991749
14.6,10.4,1.0,0.0128684183632321
14.6,10.6,1.0,0.013920293167131
14.6,10.8,1.0,0.0151805636231025
14.6,11.0,1.0,0.0167062796135677
14.6,11.2,1.0,0.0185772874187255
14.6,11.4,1.0,0.0209080317911971
14.6,11.6,1.0,0.0238670100047361
14.6,11.8,1.0,0.0277096008141947
14.6,12.0,1.0,0.032834834050268
14.6,12.2,1.0,0.0398858836158413
14.6,12.4,1.0,0.0499313479971874
14.6,12.6,1.0,0.0647946028998702
14.6,12.8,1.0,0.0876398868516903
14.6,13.0,1.0,0.12392513697677
14.6,13.2,1.0,0.182529806574622
14.6,13.4,1.0,0.275441026163215
14.6,13.6,1.0,0.411150127835857
14.8,5.4,1.0,0.396891325039469
14.8,5.6,1.0,0.167644132075032
14.8,5.8,1.0,0.117776797168415
14.8,6.0,1.0,0.101364349565101
14.8,6.2,1.0,0.0898386311039402
14.8,6.4,1.0,0.0771939937655847
14.8,6.6,1.0,0.0628544986504415
14.8,6.8,1.0,0.0482709664056623
14.8,7.0,1.0,0.0354381905572523
14.8,7.2,1.0,0.0256391192944187
14.8,7.4,1.0,0.0189687241559246
14.8,7.6,1.0,0.0147698490203367
14.8,7.8,1.0,0.0122533597586645
14.8,8.0,1.0,0.0108051504275626
14.8,8.2,1.0,0.0100241280986386
14.8,8.4,1.0,0.00966691895665763
14.8,8.6,1.0,0.00958988114619726
14.8,8.8,1.0,0.00970947605823412
14.8,9.0,1.0,0.00997848499314196
14.8,9.2,1.0,0.0103723198142109
14.8,9.4,1.0,0.0108812548104035
14.8,9.6,1.0,0.0115061233872606
14.8,9.8,1.0,0.0122561335426617
14.8,10.0,1.0,0.0131481000772755
14.8,10.2,1.0,0.014206774038968
14.8,10.4,1.0,0.0154662103590205
14.8,10.6,1.0,0.0169723427607692
14.8,10.8,1.0,0.0187872024031816
14.8,11.0,1.0,0.0209956053193322
14.8,11.2,1.0,0.0237157680505162
14.8,11.4,1.0,0.0271164075704028
14.8,11.6,1.0,0.0314448374894164
14.8,11.8,1.0,0.0370741244882601
14.8,12.0,1.0,0.0445838598933544
14.8,12.2,1.0,0.0549007943121758
14.8,12.4,1.0,0.0695453855085203
14.8,12.6,1.0,0.091057621506029
14.8,12.8,1.0,0.123684779200355
14.8,13.0,1.0,0.174273481039526
14.8,13.2,1.0,0.252577053863022
14.8,13.4,1.0,0.368146495914699
15.0,5.6,1.0,0.215330371413848
15.0,5.8,1.0,0.132831756625733
15.0,6.0,1.0,0.111143543941956
15.0,6.2,1.0,0.0998836666085572
15.0,6.4,1.0,0.0885675359243491
15.0,6.6,1.0,0.0750700534196917
15.0,6.8,1.0,0.0600552549694383
15.0,7.0,1.0,0.0454706971237175
15.0,7.2,1.0,0.0332704486583262
15.0,7.4,1.0,0.0243564188445612
15.0,7.6,1.0,0.0184824857738646
15.0,7.8,1.0,0.0148718712349072
15.0,8.0,1.0,0.0127642015368899
15.0,8.2,1.0,0.0116119271292307
15.0,8.4,1.0,0.0110691960590018
15.0,8.6,1.0,0.0109294373413323
15.0,8.8,1.0,0.0110726616172607
15.0,9.0,1.0,0.0114315762668658
15.0,9.2,1.0,0.0119717075307994
15.0,9.4,1.0,0.0126801463290819
15.0,9.6,1.0,0.0135593883656193
15.0,9.8,1.0,0.0146242722331106
15.0,10.0,1.0,0.0159009703644196
15.0,10.2,1.0,0.0174275586675247
15.0,10.4,1.0,0.0192560738388188
15.0,10.6,1.0,0.0214562961990499
15.0,10.8,1.0,0.0241218761140328
15.0,11.0,1.0,0.0273799698805414
15.0,11.2,1.0,0.0314064358541713
15.0,11.4,1.0,0.0364501459488128
15.0,11.6,1.0,0.0428725803474456
15.0,11.8,1.0,0.0512134263553658
15.0,12.0,1.0,0.0623006892646878
15.0,12.2,1.0,0.0774362953253475
15.0,12.4,1.0,0.0987044239991947
15.0,12.6,1.0,0.129455256768925
15.0,12.8,1.0,0.174943006344238
15.0,13.0,1.0,0.242718129704318
15.0,13.2,1.0,0.341239690036095
15.0,13.4,1.0,0.47361592760608
15.2,5.6,1.0,0.295622515179566
15.2,5.8,1.0,0.154627082703334
15.2,6.0,1.0,0.122540352719869
15.2,6.2,1.0,0.110472205486629
15.2,6.4,1.0,0.10050600420428
15.2,6.6,1.0,0.0884384320198298
15.2,6.8,1.0,0.0738584016989026
15.2,7.0,1.0,0.0581934391247703
15.2,7.2,1.0,0.0436890881911271
15.2,7.4,1.0,0.0321204940399843
15.2,7.6,1.0,0.0239932013025282
15.2,7.8,1.0,0.0187939392175596
15.2,8.0,1.0,0.0156869039957114
15.2,8.2,1.0,0.0139568077741638
15.2,8.4,1.0,0.0131166848383191
15.2,8.6,1.0,0.0128670722278867
15.2,8.8,1.0,0.0130328806320228
15.2,9.0,1.0,0.0135164141482585
15.2,9.2,1.0,0.0142684312876988
15.2,9.4,1.0,0.0152715799452014
15.2,9.6,1.0,0.0165313794503494
15.2,9.8,1.0,0.0180717973820579
15.2,10.0,1.0,0.0199338324331726
15.2,10.2,1.0,0.0221763655257615
15.2,10.4,1.0,0.0248791052861171
15.2,10.6,1.0,0.02814792087017
15.2,10.8,1.0,0.0321233768471835
15.2,11.0,1.0,0.0369940180175751
15.2,11.2,1.0,0.0430171071668111
15.2,11.4,1.0,0.0505514161904806
15.2,11.6,1.0,0.0601097994899657
15.2,11.8,1.0,0.0724442989173303
15.2,12.0,1.0,0.088683959567749
15.2,12.2,1.0,0.110554128666878
15.2,12.4,1.0,0.140706581975948
15.2,12.6,1.0,0.183145591106071
15.2,12.8,1.0,0.243533411489772
15.2,13.0,1.0,0.32856517596022
15.2,13.2,1.0,0.442589925782852
15.4,5.6,1.0,0.425562990736067
15.4,5.8,1.0,0.188707745353222
15.4,6.0,1.0,0.137059511955904
15.4,6.2,1.0,0.122272038926194
15.4,6.4,1.0,0.11338129543108
15.4,6.6,1.0,0.103145870345704
15.4,6.8,1.0,0.0898491484179865
15.4,7.0,1.0,0.0740351353983108
15.4,7.2,1.0,0.0577096243176713
15.4,7.4,1.0,0.0432835864086116
15.4,7.6,1.0,0.0322678611042385
15.4,7.8,1.0,0.0247984645053863
15.4,8.0,1.0,0.0201676012743789
15.4,8.2,1.0,0.0175202851457021
15.4,8.4,1.0,0.0161902629839553
15.4,8.6,1.0,0.0157431991932849
15.4,8.8,1.0,0.0159197327826947
15.4,9.0,1.0,0.0165748469459639
15.4,9.2,1.0,0.0176362775365162
15.4,9.4,1.0,0.0190798147272173
15.4,9.6,1.0,0.0209157211765174
15.4,9.8,1.0,0.0231820190686959
15.4,10.0,1.0,0.0259421934061331
15.4,10.2,1.0,0.0292860996328907
15.4,10.4,1.0,0.0333336864278848
15.4,10.6,1.0,0.0382417913596898
15.4,10.8,1.0,0.0442149463712208
15.4,11.0,1.0,0.0515220381373604
15.4,11.2,1.0,0.0605220305674708
15.4,11.4,1.0,0.0717040501790989
15.4,11.6,1.0,0.0857502437017984
15.4,11.8,1.0,0.103633954810431
15.4,12.0,1.0,0.126769642658742
15.4,12.2,1.0,0.157228676449298
15.4,12.4,1.0,0.198006881616613
15.4,12.6,1.0,0.253220923811735
15.4,12.8,1.0,0.327810686237513
15.4,13.0,1.0,0.425773030575814
15.6,5.8,1.0,0.244872433496249
15.6,6.0,1.0,0.157199114969085
15.6,6.2,1.0,0.136333955087779
15.6,6.4,1.0,0.127872937604909
15.6,6.6,1.0,0.119686801119918
15.6,6.8,1.0,0.108435478669922
15.6,7.0,1.0,0.0935634867703894
15.6,7.2,1.0,0.0763267953757695
15.6,7.4,1.0,0.0592387085541968
15.6,7.6,1.0,0.0447859254909575
15.6,7.8,1.0,0.0341787662018323
15.6,8.0,1.0,0.0272341722764665
15.6,8.2,1.0,0.0231090539602523
15.6,8.4,1.0,0.0209506368602939
15.6,8.6,1.0,0.0201388300143427
15.6,8.8,1.0,0.020285599898594
15.6,9.0,1.0,0.0211703665874652
15.6,9.2,1.0,0.0226830293445699
15.6,9.4,1.0,0.0247870567232405
15.6,9.6,1.0,0.0274983749335825
15.6,9.8,1.0,0.0308744677581983
15.6,10.0,1.0,0.0350099214887948
15.6,10.2,1.0,0.0400363461969035
15.6,10.4,1.0,0.0461257891786204
15.6,10.6,1.0,0.0534976457104292
15.6,10.8,1.0,0.0624299300613449
15.6,11.0,1.0,0.0732768235880753
15.6,11.2,1.0,0.0864958572602074
15.6,11.4,1.0,0.102690019529604
15.6,11.6,1.0,0.122672326273282
15.6,11.8,1.0,0.147561865505132
15.6,12.0,1.0,0.178917379197738
15.6,12.2,1.0,0.218896699745765
15.6,12.4,1.0,0.270372353304405
15.6,12.6,1.0,0.336786504424414
15.6,12.8,1.0,0.421253578722354
15.8,5.8,1.0,0.338675197718289
15.8,6.0,1.0,0.187246102051398
15.8,6.2,1.0,0.154285569639539
15.8,6.4,1.0,0.145038197787531
15.8,6.6,1.0,0.138941784420462
15.8,6.8,1.0,0.130405494297536
15.8,7.0,1.0,0.117644133125681
15.8,7.2,1.0,0.100811276612965
15.8,7.4,1.0,0.0818449504183729
15.8,7.6,1.0,0.06375639881956
15.8,7.8,1.0,0.0490628108446914
15.8,8.0,1.0,0.0386799059540737
15.8,8.2,1.0,0.0321626382185406
15.8,8.4,1.0,0.0285737457126923
15.8,8.6,1.0,0.027070843255919
15.8,8.8,1.0,0.0270756131868149
15.8,9.0,1.0,0.0282449121093204
15.8,9.2,1.0,0.030402885509152
15.8,9.4,1.0,0.0334872142541455
15.8,9.6,1.0,0.0375154537598147
15.8,9.8,1.0,0.0425660617667484
15.8,10.0,1.0,0.0487686877325658
15.8,10.2,1.0,0.0563002368470201
15.8,10.4,1.0,0.0653849032567518
15.8,10.6,1.0,0.0762976592566884
15.8,10.8,1.0,0.0893718508358733
15.8,11.0,1.0,0.105012814338234
15.8,11.2,1.0,0.123720876997134
15.8,11.4,1.0,0.146128538868855
15.8,11.6,1.0,0.173057257319293
15.8,11.8,1.0,0.20559690442101
15.8,12.0,1.0,0.245200416253058
15.8,12.2,1.0,0.293755938546344
15.8,12.4,1.0,0.353528070579346
15.8,12.6,1.0,0.426728352567652
16.0,5.8,1.0,0.485410919493019
16.0,6.0,1.0,0.234674203432478
16.0,6.2,1.0,0.178699565513879
16.0,6.4,1.0,0.16643709171457
16.0,6.6,1.0,0.162259211386497
16.0,6.8,1.0,0.15704947015518
16.0,7.0,1.0,0.147615238810996
16.0,7.2,1.0,0.132851729571551
16.0,7.4,1.0,0.113523504184405
16.0,7.6,1.0,0.0923351368120012
16.0,7.8,1.0,0.0728427171961615
16.0,8.0,1.0,0.0575997247908621
16.0,8.2,1.0,0.0472649138643787
16.0,8.4,1.0,0.0411833170270628
16.0,8.6,1.0,0.0383474061869361
16.0,8.8,1.0,0.0379254702218195
16.0,9.0,1.0,0.0393778783820284
16.0,9.2,1.0,0.0424095078623603
16.0,9.4,1.0,0.046898993820203
16.0,9.6,1.0,0.0528452180060701
16.0,9.8,1.0,0.060332958336228
16.0,10.0,1.0,0.069511609946029
16.0,10.2,1.0,0.0805817184494467
16.0,10.4,1.0,0.0937863069861643
16.0,10.6,1.0,0.10940602209051
16.0,10.8,1.0,0.127758904880113
16.0,11.0,1.0,0.149207206259632
16.0,11.2,1.0,0.174174967068153
16.0,11.4,1.0,0.203180521861702
16.0,11.6,1.0,0.236886419528288
16.0,11.8,1.0,0.276162967335646
16.0,12.0,1.0,0.322145746057129
16.0,12.2,1.0,0.376233300206324
16.0,12.4,1.0,0.439908562492399
16.2,6.0,1.0,0.311888006440166
16.2,6.2,1.0,0.213743847363281
16.2,6.4,1.0,0.19434043151025
16.2,6.6,1.0,0.191550086183342
16.2,6.8,1.0,0.190245515677259
16.2,7.0,1.0,0.185410922679394
16.2,7.2,1.0,0.174666694417413
16.2,7.4,1.0,0.157273427733598
16.2,7.6,1.0,0.134687446788331
16.2,7.8,1.0,0.110556184429965
16.2,8.0,1.0,0.0890941063580248
16.2,8.2,1.0,0.0729506771158108
16.2,8.4,1.0,0.0625860887283597
16.2,8.6,1.0,0.057175994952406
16.2,8.8,1.0,0.0556499390494177
16.2,9.0,1.0,0.057177179954383
16.2,9.2,1.0,0.0612454611619933
16.2,9.4,1.0,0.0675973987263064
16.2,9.6,1.0,0.076152047858437
16.2,9.8,1.0,0.0869443539240149
16.2,10.0,1.0,0.100082496458708
16.2,10.2,1.0,0.115717503749587
16.2,10.4,1.0,0.134021358288872
16.2,10.6,1.0,0.155172705826233
16.2,10.8,1.0,0.179351667331498
16.2,11.0,1.0,0.206746741217844
16.2,11.2,1.0,0.237577037262519
16.2,11.4,1.0,0.27213156190121
16.2,11.6,1.0,0.31082303432664
16.2,11.8,1.0,0.354244932249824
16.2,12.0,1.0,0.403203669730004
16.2,12.2,1.0,0.458667857046931
16.4,6.0,1.0,0.434926110852666
16.4,6.2,1.0,0.266178761677255
16.4,6.4,1.0,0.232030118499761
16.4,6.6,1.0,0.229369225589348
16.4,6.8,1.0,0.232455143352855
16.4,7.0,1.0,0.233519739079616
16.4,7.2,1.0,0.228904092597902
16.4,7.4,1.0,0.216379265776621
16.4,7.6,1.0,0.195515138960605
16.4,7.8,1.0,0.16866262729368
16.4,8.0,1.0,0.140670482508166
16.4,8.2,1.0,0.116589489962082
16.4,8.4,1.0,0.0992694867940225
16.4,8.6,1.0,0.089037432205572
16.4,8.8,1.0,0.0849179594020355
16.4,9.0,1.0,0.0857533736288384
16.4,9.2,1.0,0.0906655173901766
16.4,9.4,1.0,0.0991055457768458
16.4,9.6,1.0,0.110771223823345
16.4,9.8,1.0,0.125513976645514
16.4,10.0,1.0,0.14326630188095
16.4,10.2,1.0,0.163990904624916
16.4,10.4,1.0,0.187648525079898
16.4,10.6,1.0,0.214183129279618
16.4,10.8,1.0,0.243524796292916
16.4,11.0,1.0,0.275610805603814
16.4,11.2,1.0,0.310424006904841
16.4,11.4,1.0,0.348044667016378
16.4,11.6,1.0,0.388707359490543
16.4,11.8,1.0,0.432846765441894
16.4,12.0,1.0,0.481102667807755
16.6,6.2,1.0,0.346237896499097
16.6,6.4,1.0,0.284117305511374
16.6,6.6,1.0,0.278876349407271
16.6,6.8,1.0,0.286487265134426
16.6,7.0,1.0,0.294576986963575
16.6,7.2,1.0,0.298028013519787
16.6,7.4,1.0,0.293413699171501
16.6,7.6,1.0,0.278427889337718
16.6,7.8,1.0,0.253063280006906
16.6,8.0,1.0,0.220838747867869
16.6,8.2,1.0,0.188081737735774
16.6,8.4,1.0,0.160866530574151
16.6,8.6,1.0,0.142351458743474
16.6,8.8,1.0,0.132770235592316
16.6,9.0,1.0,0.130957610451915
16.6,9.2,1.0,0.135561825114255
16.6,9.4,1.0,0.145502430932866
16.6,9.6,1.0,0.160003192960934
16.6,9.8,1.0,0.17849865837377
16.6,10.0,1.0,0.200539153762611
16.6,10.2,1.0,0.225726331190791
16.6,10.4,1.0,0.253681248827229
16.6,10.6,1.0,0.284040384434618
16.6,10.8,1.0,0.316474099270551
16.6,11.0,1.0,0.350721720254483
16.6,11.2,1.0,0.386636781498989
16.6,11.4,1.0,0.424234969088836
16.6,11.6,1.0,0.463735200930107
16.8,6.2,1.0,0.46560045495812
16.8,6.4,1.0,0.356520412903953
16.8,6.6,1.0,0.343432010379858
16.8,6.8,1.0,0.354779761677373
16.8,7.0,1.0,0.370326230318201
16.8,7.2,1.0,0.382907435818541
16.8,7.4,1.0,0.388260986519911
16.8,7.6,1.0,0.382871127402678
16.8,7.8,1.0,0.364458950586343
16.8,8.0,1.0,0.333657341036649
16.8,8.2,1.0,0.295344703530203
16.8,8.4,1.0,0.257434266295508
16.8,8.6,1.0,0.227067804677403
16.8,8.8,1.0,0.207726517546608
16.8,9.0,1.0,0.199502759661104
16.8,9.2,1.0,0.200894584139476
16.8,9.4,1.0,0.210125350102334
16.8,9.6,1.0,0.225638809079547
16.8,9.8,1.0,0.246159556443576
16.8,10.0,1.0,0.270631269427805
16.8,10.2,1.0,0.298157379948613
16.8,10.4,1.0,0.327972368932277
16.8,10.6,1.0,0.359440141456242
16.8,10.8,1.0,0.392069547290879
16.8,11.0,1.0,0.425538090462787
16.8,11.2,1.0,0.459717151382827
16.8,11.4,1.0,0.494693448166095
17.0,6.4,1.0,0.455029619806306
17.0,6.6,1.0,0.425446017341864
17.0,6.8,1.0,0.437981862528352
17.0,7.0,1.0,0.459906340086871
17.0,7.2,1.0,0.480834713077142
17.0,7.4,1.0,0.495850522167222
17.0,7.8,1.0,0.493347333229508
17.0,8.0,1.0,0.470554665069193
17.0,8.2,1.0,0.434155056300245
17.0,8.4,1.0,0.390229634690739
17.0,8.6,1.0,0.347952173963971
17.0,8.8,1.0,0.315233203032444
17.0,9.0,1.0,0.295683849783894
17.0,9.2,1.0,0.289091676557264
17.0,9.4,1.0,0.293419198271431
17.0,9.6,1.0,0.306254274633964
17.0,9.8,1.0,0.325407005078903
17.0,10.0,1.0,0.349052938647711
17.0,10.2,1.0,0.375727972908934
17.0,10.4,1.0,0.404296406049154
17.0,10.6,1.0,0.433922950991749
17.0,10.8,1.0,0.464051507769683
17.0,11.0,1.0,0.494388652224011
17.2,8.6,1.0,0.494010824438839
17.2,8.8,1.0,0.449513807336499
17.2,9.0,1.0,0.415968220266753
17.2,9.2,1.0,0.396741880228542
17.2,9.4,1.0,0.391166298396283
17.2,9.6,1.0,0.396655209793484
17.2,9.8,1.0,0.410267724432292
17.2,10.0,1.0,0.429407350176975
17.2,10.2,1.0,0.452023239190366
17.2,10.4,1.0,0.476610405856741
17.4,9.4,1.0,0.494973062335173
17.4,9.6,1.0,0.489428192002921
17.4,9.8,1.0,0.494044746141399
