12.913947297457568 15.839573405994546 1
10.942782809301265 10.809387086270084 -1
9.79784863092583 14.886893573589115 -1
5.3359951200795175 19.72686881133415 1
11.306193253533161 16.321915479607647 1
7.381584758376545 14.058147907441992 -1
13.921132631569433 14.02720137979432 -1
9.505545694144397 1.815418766441348 1
15.628339529017282 12.771169579680432 1
10.918120585223193 9.710942005264629 -1
16.13059002797388 7.339307701820381 1
8.629295736428539 10.83858769621515 -1
13.519521432360248 2.533228882336911 1
10.764491695890257 7.7749650009707665 -1
15.669824665958036 15.48295175900844 1
7.62818946979936 5.104566187563755 -1
3.9961207792470943 10.469376237449467 1
11.669521502972529 8.041486197767378 -1
10.142580574839046 1.4941486888005784 1
8.989933694095516 15.273376747849776 -1
4.142391916792329 12.439329443750257 1
11.28572242911588 15.751293204739262 -1
13.991769969972456 1.2389730829351664 1
8.483953706452647 5.343692872996575 -1
19.210710179161765 4.063682545304164 1
7.622678649364271 9.951746071505704 -1
13.865874714542073 2.812568538126645 1
14.661055591740158 11.541076564408117 -1
11.76543518811259 18.8767933107376 1
8.252349486142725 10.635264755243954 -1
7.031603820776507 11.690849397163047 -1
14.439821309224367 0.39124440358867973 1
3.000226832589592 18.10755544760198 1
6.649749688411777 7.898421846267243 -1
6.07515781048479 10.66421001261897 -1
4.200488218833467 0.14857918295419825 1
2.8819648916623453 8.02843078112465 1
11.844863515128294 4.6071197987487995 -1
0.4787835300795118 3.149228532393209 1
4.763309788351773 8.925734103771033 -1
10.234190774832738 4.747350010790483 -1
15.331056151561686 1.1653377561460543 1
10.873101719435018 10.211084430015765 -1
7.383723101902739 0.90257628068666 1
4.857526784947996 16.444587830734044 1
4.1846958434075905 9.51266504732504 -1
13.896604897064528 4.599228485204334 1
10.710744118042868 7.34328781684769 -1
15.514711815098464 4.229906190893205 1
15.639628484768199 10.140988303897558 -1
9.667998014630395 18.590765574703525 1
9.449159606290218 15.819375330101394 -1
6.048604940762068 16.760569554202885 1
9.235784034722858 7.082266579775521 -1
6.396175352328952 9.311496033844119 -1
19.552280895718376 15.626500657427364 1
5.293023988831919 2.7006775618973244 1
8.208242028671178 11.55116743633168 -1
6.182124862495173 10.855832858986961 -1
18.433711241300244 8.08671365451563 1
3.947094426704163 11.954875671783508 1
10.732419500394796 8.941268109209023 -1
11.691947404719961 2.2950987351525542 1
7.179309149463464 7.752263057203246 -1
17.25851360337336 14.33361858108185 1
10.265485449749832 10.301044181946326 -1
17.276844590612907 11.631758208525525 1
4.556506144823156 11.993918306896326 -1
11.475174175520479 1.6634520307090295 1
9.481894353859655 9.726992284002014 -1
8.438269011980395 14.523402899086786 -1
1.5162198813232242 12.865716981035503 1
5.179546720456458 19.036030783967668 1
12.839951179876888 13.010642071983867 -1
3.231263488698497 8.470288678610531 1
10.10163697789243 14.703155861587202 -1
18.62189032949193 18.067774335367872 1
8.376788669663885 5.914326661494402 -1
18.993984718413635 13.526797995806747 1
9.752040083444024 4.532415576115696 -1
13.220965157125931 17.12375533965236 1
13.726548466273192 10.123318882473242 -1
5.182938341591415 3.4642253691876568 1
13.968787191102832 9.438327198381618 -1
2.816373600453548 1.1870468210406182 1
12.693611323811185 5.5466023940120435 -1
16.90968673859269 9.799579121403317 1
11.255116547861503 11.642633068284615 -1
19.8897465250231 0.35871875452781365 1
13.124422700492973 5.5826731261832325 -1
3.9723735663036575 9.989403079211016 1
8.80836777058465 6.687996144181588 -1
13.9348600820664 14.928380108775468 1
13.565711144035305 6.880329589183938 -1
15.103128542793836 9.85336251119696 -1
15.749289273100233 16.015197116510812 1
15.631402833562042 8.802956751927077 -1
18.86467866473241 18.35267007875333 1
14.35260454166934 10.954735267519931 -1
18.617532623074002 18.11208962576231 1
1.5531298768829216 10.804369400234876 1
13.84907067711476 11.495054122711085 -1
18.022420672588535 9.958664747303283 1
8.705732736340117 11.490921331960253 -1
14.220036052010842 11.710390529604602 -1
12.663672663760837 4.118627559514911 1
11.363161516816081 0.4040549331864529 1
5.498763289830764 6.745457608511232 -1
5.157362542671917 5.442284151560601 1
6.685450063157612 6.845346994797945 -1
17.668103262055887 11.017979290786633 1
12.921868088490434 5.404555076715141 -1
0.08108253355965322 17.210604340067942 1
10.130074248032638 6.766253437228372 -1
19.874401931867844 0.21372750425230125 1
10.890914225139142 6.151579183752489 -1
8.195994333470399 15.145444762189372 -1
4.272843229876666 15.964621605502963 1
6.767675336466237 12.258317132825155 -1
13.635495272016655 1.7889746769127401 1
10.45772168543294 13.141246145866209 -1
10.600831764395682 3.575746958715871 1
5.027851466799429 13.783871082628705 1
12.462900694389647 11.74127274895083 -1
10.66024681701018 19.640178799491984 1
7.884271622276639 7.204197966062091 -1
7.90018862025633 1.586094505720852 1
14.302094411656983 13.683974559826877 -1
7.326175959840002 15.398169621808309 1
10.44091404873936 4.212577805743298 -1
1.2299854467062499 13.10266096778781 1
7.005029756760701 13.250256471239833 -1
4.5151839588682545 3.419434590320809 1
7.88895512516155 12.151047812121696 -1
0.2813816826372628 15.666100601715263 1
10.767767372947928 4.843422823330998 -1
16.13484548782626 17.408096764245073 1
14.47318099201069 12.53973356629394 -1
2.7743028990968277 8.842992595919286 1
10.732212825574639 6.832692065712771 -1
2.29634751355124 18.689751144581383 1
11.578877670348337 10.340394268607637 -1
7.19950258476195 7.852299520704895 -1
3.8147363270094403 6.117219594182705 1
1.2263154353087713 15.771725385192813 1
11.437646245902593 13.006361289336635 -1
11.295956855467832 19.222149600202385 1
5.580925692696517 10.247877753619289 -1
6.630516302164553 1.9898139335583087 1
10.733850591093448 9.733266453018704 -1
4.786827761477435 14.221090700504721 1
7.856905611197131 10.174735539600269 -1
10.489132486798427 18.259737071388326 1
8.093450515753982 13.898504363394949 -1
7.359358097551869 2.1254534825142546 1
11.032792527376102 10.635924113537813 -1
16.46182772016249 19.704717769713422 1
13.140312213092448 14.951188926614396 -1
6.826598818664207 14.830891910917327 -1
12.866749122874488 17.53376574329848 1
16.94306571000902 19.133954356211888 1
9.46650073971684 7.3312830124647395 -1
16.133977374154448 16.59937878606524 1
6.821134334732566 12.901496498901981 -1
18.337490152306522 18.620283018907195 1
11.397439843758974 14.418577824904794 -1
12.427757495359462 13.246083249088727 -1
18.75982244602048 4.31362322755017 1
3.0476665459315666 4.732731355984625 1
9.140117379564614 15.603497631242442 -1
1.0052499993501796 0.5633289940206931 1
10.24423996347376 10.240086509575306 -1
0.5712876903039965 8.466942486065744 1
13.08919485925723 14.350881605894317 -1
5.149638363912534 5.585175632376811 1
6.048488535176817 6.9980404985890114 -1
15.749106578056558 6.387020095325521 1
7.796864761548068 7.147381490218514 -1
4.955057573742456 11.079372915292078 -1
0.13023972340024503 17.70489340468595 1
1.6456410990562609 8.239796610742973 1
12.29258012797538 11.927372929708337 -1
11.516541176873101 8.549622021284849 -1
0.5426760722533741 19.004116383389626 1
14.392256173709615 10.939096682419647 -1
17.755899255412675 16.56881950451175 1
5.567384505612807 4.967762595185983 1
14.09654751570687 7.36742095148619 -1
4.874565034150507 14.335298951716764 1
11.473665684852616 10.47779499948325 -1
15.455795515923738 1.4957981567445877 1
10.869638996939194 4.461522231839449 -1
10.73382699134221 17.035707984012667 1
10.231040877637945 5.210945113895969 -1
19.538886510604854 3.6383984337409303 1
8.806875304392943 10.39253217710993 -1
11.761382169217253 9.688691880135433 -1
17.39738247980722 6.978429398813333 1
12.807868179498376 17.133559705735806 1
15.625271495754834 8.208549171927235 -1
19.24357748347687 14.849731663911115 1
12.891787847127684 9.562873795540291 -1
12.816503669293356 9.00679411768375 -1
18.09528423707895 8.27815598038207 1
19.22669747525697 2.7195556440989344 1
9.377274493660199 6.790021425037407 -1
5.001405127255538 3.3806602637288186 1
8.49037281782791 12.52808654641851 -1
9.961665508796072 3.164455653372249 1
6.876098515821267 13.417707613056805 -1
17.663776112438356 16.474268245322982 1
6.288692425623614 11.401194798522985 -1
10.586609320286847 19.210259806874706 1
5.645614401719641 8.309692402594184 -1
6.31864540905855 19.48324554398051 1
15.530882817419824 11.516610457579601 -1
15.335370532282207 14.544512038433634 1
6.842109481924048 13.644438854185584 -1
2.357935677088341 14.581111845695037 1
6.847172659997236 14.832075919133231 -1
5.521874985171438 11.861391331053472 -1
17.993689487936333 9.362283764704948 1
1.6674648170878204 15.937359553877755 1
13.814362452392539 7.693051942601221 -1
13.845756034219043 13.619587073881288 -1
11.273280524709008 16.381255450493427 1
1.2541497520444977 10.222261414147303 1
11.091247549695574 4.926856200047944 -1
5.756688252663773 13.142233471578562 -1
2.0741890999110257 13.075217999242506 1
12.118131278834456 7.644093001699817 -1
10.71912465273462 1.013691527663687 1
5.522420181833518 14.898629606770275 1
10.168276153415237 5.086403792710971 -1
18.211923565675704 8.514740121964536 1
9.547341178968981 4.585210569314091 -1
7.511327264628049 10.764769048104164 -1
15.126400923773499 17.82517562278622 1
15.636978531071806 9.407126004287594 -1
4.520298603351298 6.7061468182961566 1
0.042665381372002376 14.741695456479821 1
13.031362566680361 8.079655784711106 -1
11.958000509316705 7.3956538681753585 -1
2.0097801234516943 5.737942174367006 1
7.4098786509471655 15.410646830320434 -1
10.422897621351757 17.42762457933761 1
15.45315896692399 8.980934482738924 -1
9.999164225918813 3.13739010117861 1
6.956086502307932 2.0281922318041468 1
11.750979495597097 15.179391393639978 -1
2.0310672174046207 15.38568931798325 1
8.222287702207984 10.39722649420304 -1
10.861006471556431 4.967954438640534 -1
17.126102568052872 2.1501629783260356 1
3.030780043699537 11.92670870579927 1
9.658729686138884 5.494500716600957 -1
17.570737969879367 1.925702476101332 1
8.039981760166516 8.473713257571525 -1
17.828727740530773 12.606719538171715 1
7.398175700610398 12.927711042656105 -1
6.056908176721089 14.513782387252427 -1
19.82595496563245 13.689439264151178 1
15.662281943362776 8.530981787001242 -1
8.521799227830925 18.75983640482501 1
14.612832615246145 10.99429948346456 -1
18.16437709493718 5.601399368095603 1
17.00383957127766 5.164124094835387 1
5.6014237756226715 9.531033013605583 -1
5.8816091183871455 4.499801754228718 1
9.220904922047247 7.464235301823841 -1
9.22155257139043 11.025571236922186 -1
2.731672096606672 4.989150344178768 1
15.012740248959794 1.4273046317822358 1
10.073282274511238 4.377576036071503 -1
12.912359304678995 10.27566158993752 -1
11.283840308697421 3.554129795965373 1
6.126829243272402 5.629971979198851 -1
2.13812646141629 2.5743701835295663 1
8.70342060521919 5.648121657437115 -1
9.903975064352743 18.174665024609794 1
11.265542453694067 12.440429109418647 -1
11.656647686661776 18.78813960370575 1
1.5649390058728696 14.43472712151219 1
8.70534392201783 6.488697827711345 -1
3.1409133644668974 12.030483453072902 1
15.606937443134525 11.958681418305627 -1
9.99645680480513 17.72944890229183 1
11.72615779001145 14.956365154184347 -1
7.08997518658554 1.4174459723539123 1
11.642180030921551 15.282369436088777 -1
0.0996963258722805 8.230385899026336 1
8.37736934997798 13.715636585239647 -1
0.08157746993143755 10.886288490097055 1
10.833067742834215 12.545432144012272 -1
4.001832214931149 2.7675437524597046 1
7.406412064344201 12.241681742799795 -1
0.32811244291782504 18.41446749135831 1
14.487819860038522 10.809631643579415 -1
5.684444080483207 12.253181142116063 -1
0.36009386042619385 10.44902098688743 1
19.91471911322823 18.931473501430197 1
5.380021527020748 13.520816868031606 -1
7.428235382456352 10.477213465295712 -1
12.020688712578282 0.27087928868636757 1
15.267179304362982 10.9968630374329 -1
6.269619747534998 0.2108073258953258 1
2.974009745808661 7.655340592549451 1
14.123302075234328 7.034566112806802 -1
12.873449417227087 8.484713629444807 -1
9.085196484748812 17.43582223140146 1
13.538763657385278 17.460203453711006 1
8.58821926735467 15.120462035825437 -1
13.634556489390327 17.90418401281598 1
7.955388659090696 14.355540061479761 -1
13.993125696216621 16.52589173585572 1
5.817530610717627 8.276695757078183 -1
10.141624229162359 11.053254407573005 -1
5.542254725508597 15.782465981886354 1
14.787757740916017 13.710898524394464 1
14.604980805828955 9.300468963153055 -1
2.4026777329038995 0.6017960905408559 1
8.599858845920272 6.783377919917686 -1
11.686440147366499 8.710573427448367 -1
10.335494769302718 2.94609054216159 1
3.9018021698308636 10.538676180194582 1
10.756404929962686 12.52119023083642 -1
18.602836575775424 3.505737342486388 1
5.489455674240411 8.561378973138849 -1
13.756246338033485 15.99099208831893 1
6.608901364111457 12.13870330219174 -1
9.93165469755931 9.357630321330735 -1
18.361180613313444 8.207578511233645 1
18.68707820239128 2.5179836527893795 1
5.988959200342845 6.526980514045864 -1
14.199856475025406 15.781359951839526 1
8.907192146320565 8.784726886653582 -1
3.8203811577916014 19.182002585449535 1
11.354354400830747 4.296059874324911 -1
14.8309089103766 6.599600598310467 -1
16.487759960077472 7.306108719482804 1
17.534792245824402 14.92590878872221 1
8.837828831671448 6.558189753148738 -1
13.242675888558491 16.910497721858718 1
4.651445961412881 9.184726788676919 -1
11.757733766339452 5.77986369195642 -1
4.168065530374787 13.90792219292451 1
2.3781781351169706 1.7938578632812452 1
10.85310462131684 10.545148117720348 -1
1.4443173379437302 11.80687876889851 1
10.707216250167528 10.667878178363788 -1
15.218051199682815 3.8180881578312786 1
11.177765839035466 7.950610483557428 -1
3.8054370453979214 15.080295424394203 1
12.18119692053721 11.345123368772638 -1
0.5488362305168537 3.5415878014587565 1
13.370839606152238 11.74612601744711 -1
15.791047403205479 8.498293159771853 -1
16.538384910889754 18.708119834073585 1
5.307276194956836 12.645981193524054 -1
19.231402449735906 0.29031099074749545 1
14.289175744657426 9.56289540655029 -1
12.464447294533743 3.854830253780166 1
15.04802179044037 13.77783551665617 1
11.956304196093473 13.016217238422943 -1
13.838196874180799 16.99285445602667 1
12.882802850597397 7.214354263423028 -1
15.088067382789678 11.45950937891689 -1
10.162511697327002 18.82309321071566 1
6.632434292915179 10.062196745952836 -1
2.9129095225471135 11.540358724786993 1
18.144001463573044 6.882064196612221 1
6.400316605065084 5.484622864145903 -1
4.928907157986513 17.787274010338056 1
6.896043480666099 8.709406269279027 -1
5.5165861614072265 10.352124430288603 -1
19.72147383724251 7.109099078070244 1
10.904197018971892 4.6820058197233045 -1
17.44458518070234 10.01555522740099 1
10.251831723308115 12.29105285227201 -1
15.401754224818108 2.500563899383632 1
4.615729857757136 3.713213068806529 1
4.388682597020623 10.702286951732125 -1
1.8192679223979602 14.153258530300938 1
6.702616308750439 12.42598994447026 -1
4.823827031772621 14.81757948246917 1
9.631435593128812 5.54778049916216 -1
18.09746377750614 19.521719385200026 1
7.337406130376092 4.933217782898913 -1
15.781959477994628 8.27939121985921 1
10.512419869718139 13.140664419555279 -1
8.883497512004471 19.31464509621508 1
14.515508429603972 12.649820151195446 -1
4.273780326829424 8.567991042434171 -1
4.113151574258886 2.3850914860742445 1
9.532091600642744 17.525165539272564 1
11.705730170682473 4.905629542515371 -1
8.369657837559856 13.544875486485617 -1
17.165072817132593 13.568357918894964 1
0.8193184392051078 6.603635644027383 1
7.641053592690438 12.885669596263876 -1
19.862387729155667 18.131277923111917 1
9.554431216215761 6.407435914472755 -1
3.9632396525933733 9.930582111175916 1
4.781525029126723 8.883038913301585 -1
16.20766183900178 8.345841355620681 1
6.31799472589165 13.542946510879187 -1
9.394401110635922 8.054859306147492 -1
3.923705930516017 13.86499591577481 1
16.69328325888841 12.334459961976666 1
12.35675048515625 5.435140662669154 -1
8.466815883672247 1.1380354232141898 1
11.047823152097065 5.312931013810869 -1
0.6186877902733978 17.283054836311152 1
14.313630483507971 9.686773864918585 -1
2.4924006538451815 0.9771070992397379 1
8.51093986129949 12.3950537193289 -1
7.110443382554652 17.320289185014612 1
13.416619897389568 5.5958947654701685 -1
12.145126569414806 10.503025040028856 -1
15.724660073501017 16.817718595453513 1
10.265934369221203 19.166070184825458 1
6.886024230857844 13.172460191259761 -1
12.875623759283755 10.114777433189964 -1
14.732638946882641 17.586956969926955 1
1.189614197601394 7.259275256785007 1
13.080738763368771 5.611732811646735 -1
16.043934951489042 12.47084622890595 1
6.834676016937371 7.815914257482904 -1
1.167719089731396 10.52356618949776 1
8.083093676294224 8.620660808456629 -1
12.984842546491835 6.53852406138885 -1
2.30097805602399 6.747064315217086 1
12.29318096079439 5.580590222568751 -1
17.508285935425636 8.870009772795237 1
7.706326183402245 4.902356892928923 -1
0.780476181210501 14.880240976557344 1
10.086715453207564 19.479264166378908 1
7.806365769324479 4.7348057560382895 -1
15.343499426959808 19.715055989676713 1
5.522141381551846 10.475204101297681 -1
9.544906097435264 1.1199944228607284 1
7.855573673459251 15.131142209537465 -1
15.22085198546932 1.117559873305145 1
6.663209720433009 14.604716679115803 -1
0.06870259893887232 19.90693178663306 1
14.743749198746677 10.05396869376728 -1
16.262830022149895 15.74794021547568 1
11.415289595433078 9.61550775672907 -1
14.27923710456361 4.278605663180004 1
12.992844725684783 14.002635660419289 -1
13.461245059524762 13.603561086394333 -1
3.0012598586720296 7.525338635275849 1
16.620745617021164 7.270992530233691 1
12.831529613393487 12.15043202755555 -1
10.186822399343122 6.407049969568104 -1
5.05760955187299 1.3461978247860285 1
17.922873950457344 1.5106655443195582 1
14.552772582743575 9.389863632812332 -1
7.680915653487672 19.793948939704556 1
10.368601410928491 14.234363816310067 -1
5.400796212889835 8.306902182688859 -1
13.773336375406519 3.951031476808431 1
4.714949511019322 4.792361249805874 1
14.676999916287336 6.88342775238596 -1
6.6754099520365 0.784173016508074 1
6.0617280221738845 8.923079326253081 -1
11.660169908588966 17.481522586693796 1
5.700030695382068 7.275665730019416 -1
13.06261991030227 13.958431487632115 -1
3.6445612131663263 3.507244220172181 1
6.845147736054882 8.37341873237264 -1
17.058261364826308 17.097182373813887 1
12.472123099594834 0.5529759628223219 1
8.176123064599494 5.160896142382512 -1
16.529598833670565 7.69895289373885 1
14.370576462581486 7.7580639966907095 -1
0.6615015440688365 19.87394826240444 1
11.28060040028264 12.514811013632322 -1
18.3745187348863 1.8924617959986967 1
5.924007892546433 12.164241403962437 -1
13.6980810030997 0.36500088558602206 1
5.141337044915075 10.920665954873666 -1
16.864859639033302 18.05196044596865 1
7.489173424130778 5.681501671991754 -1
17.380722449685965 5.905104380333075 1
11.77198392784823 13.91223070753197 -1
6.786195248796898 7.500474521688066 -1
6.524840120630191 1.108975186411858 1
8.69969834858937 2.9078205785614686 1
5.8563992727327125 12.511591442287537 -1
3.264837663798219 12.059309680501187 1
6.238071131442684 5.983888327265099 -1
3.7129742057825776 11.44886502957667 1
11.133928331447866 10.378497252955473 -1
17.011415781279055 8.410464034745388 1
14.435691441405893 6.452343611395451 -1
13.758121459516317 7.844412904408118 -1
9.109717566147523 0.2772507256849077 1
6.637165968153349 4.822087391922095 1
10.137308646724911 11.768611735224702 -1
18.720552597657157 18.050706250830856 1
14.495580638763947 9.725515235837056 -1
18.186249613101218 1.5654029826012206 1
6.402124110277912 9.007528975787446 -1
7.530189090140209 0.33895217193978366 1
11.68463627805348 11.178462463632782 -1
19.85981532388102 12.861030703994292 1
9.205527111909804 13.436502803556964 -1
17.7006666581981 4.14537243302439 1
9.657301988390541 14.732329669980775 -1
11.564081802420844 2.0989049796647263 1
14.586480593009947 10.935425594609692 -1
14.095810796845559 2.764603686311855 1
13.139334580517659 6.299474916893219 -1
10.727215621842504 13.8279978643329 -1
13.277873158047942 15.7096723285881 1
16.78885940233439 0.9375977502070065 1
10.792140403412947 11.622651847255181 -1
10.62767383451546 18.416427526582407 1
14.751478124312076 11.795886379244745 -1
11.967098994384086 16.423691375719617 1
13.222497537874396 11.093090942176232 -1
4.601781677969512 18.044265531170694 1
7.624049892754359 6.766166631126273 -1
5.499006346233686 13.797396254112968 -1
13.26033853817955 0.7709765498887133 1
14.751268461346408 10.374832066070603 -1
4.668855173480376 17.780708287841772 1
8.634100661732965 17.256585324527183 1
10.731133072828795 5.243957759683264 -1
7.490246644801061 18.11484724976061 1
10.712309806756279 4.710508971441909 -1
8.368923796357862 12.467078161860368 -1
1.7797325743569692 15.83925744771905 1
18.116923990726065 18.3699796087664 1
9.974788343496412 14.75844741797071 -1
3.8596780896777627 3.9359104459293692 1
11.790147327323982 13.120347957525304 -1
14.121060101987698 9.71477815834759 -1
8.16989265681881 3.948186128742519 1
10.543077445207027 9.950438131541354 -1
13.909286217289207 18.83338661053577 1
18.82088676040396 1.8404799630662128 1
6.2886700577569155 11.329809592079613 -1
5.22643473056883 14.112264701876287 1
9.591749687321578 12.538892424363304 -1
17.10000832974941 8.52442308449138 1
15.32275164807978 11.754299583789265 -1
12.79262102046779 15.103395359451909 -1
0.47760577511436475 3.514726640535546 1
12.61048220970906 9.659909029236985 -1
1.3178478377367675 19.96107460435925 1
10.880329994882075 12.001402566755967 -1
16.85606104245278 13.491030032624135 1
10.494451284824995 14.985155972606012 -1
3.317354899405125 3.3208891980653465 1
4.24602290372003 1.330607317745769 1
12.870132675501031 12.115661720293671 -1
14.281745700330585 18.295635556944593 1
4.3079552891812245 8.184852201939634 -1
15.364077981862183 18.85250488220596 1
9.861033635581533 14.234669622712117 -1
18.66238478355504 9.002058051772128 1
10.832341949944215 8.040378331276965 -1
13.727963549368509 10.410890337186745 -1
3.838068443278684 9.320742191747325 1
19.723222162605293 17.81503525677165 1
4.347103035011665 10.735439661967646 -1
2.192942048914157 9.94007724570249 1
8.238454918893686 13.510408121987943 -1
15.886787163341172 12.91914589933182 1
8.314503159088758 8.281829160284532 -1
6.2318809908862205 9.147613571342788 -1
16.59027857053838 11.25138830956509 1
4.853829450906504 11.92204012094871 -1
0.29673730939413945 14.467195803463548 1
14.284930610371777 17.681389381712055 1
15.746370834291756 8.511586222292223 -1
3.456354292659798 1.6824972102322944 1
13.375639960691823 13.753961504419376 -1
14.936552212132739 4.981841983230291 1
6.694133325662328 12.922490934986396 -1
0.022197710560536432 13.572906995055105 1
8.773352149476963 8.576602843253596 -1
7.425441326810325 17.812093744389117 1
13.457401074640051 5.332031853404975 -1
13.1080696880177 14.627969443058845 -1
4.842149296238041 5.542114213929546 1
10.392822793056304 3.5570670957233985 1
5.448847021332382 13.452685524373717 -1
12.444446465082082 15.313138493270781 -1
0.2185923706642856 1.0234785751111253 1
10.471525196585317 3.8408698667474495 1
10.73822104296739 13.195310645953233 -1
19.95840710925266 15.685417218468448 1
8.43133724055239 11.797820391316527 -1
10.444856499971436 5.158430910392912 -1
17.320413426196197 19.61537025360866 1
19.64547415301762 7.473359542545886 1
12.976116898534794 13.987227582438614 -1
10.06004929840119 11.648790164330272 -1
0.974536759347342 2.422271607308888 1
13.009101759788184 7.305093229837823 -1
14.923102611003415 1.6627629321440618 1
0.3241425084671179 12.836680210848614 1
7.053086262878667 13.278479286265018 -1
2.4679325762318616 1.7879374680323612 1
14.758507137269444 12.790047162529827 -1
11.854916017910156 10.318462225845257 -1
4.08033825610177 8.260342158267498 1
7.493864594529827 19.31940463816292 1
13.831989598301481 9.458205701960418 -1
6.526108896350246 11.245393785462072 -1
0.5006973815037408 6.9418908707006555 1
7.213549629519427 13.9637969312165 -1
2.812827281657293 4.576615000556055 1
11.547409976384566 8.209726040644059 -1
15.672322349291045 2.3384326806022293 1
16.647757778740363 2.6468368378530327 1
11.221811649356159 4.350639282983781 -1
17.929900548049122 19.95375957923921 1
10.654893810543298 7.137064991088071 -1
15.384085263307036 13.22115313070723 1
9.054929528647529 4.47387630566948 -1
0.5179897446832737 19.189133715459516 1
5.406793541822612 12.321277622990568 -1
5.16979252259935 1.395178534833812 1
9.304607540029776 4.405049350703201 -1
2.6454831659403144 12.588840777613362 1
11.267295746244885 9.405404093269565 -1
7.427099748949302 9.729148336834296 -1
15.350889301005184 1.9276293200168082 1
12.927092136578269 6.741537887303794 -1
18.942015211806552 17.918575745153856 1
17.916956484950603 14.713559368835298 1
5.869699155722281 6.7487152392397975 -1
14.64789122108546 15.236158337664305 1
15.213579121011346 11.33848838837782 -1
1.5814697285467783 10.96286119564136 1
5.615600176344677 8.39729627281298 -1
19.203123555732653 13.109031979423754 1
7.750978990941908 7.003735926497894 -1
12.284610493518377 15.1345696294986 -1
8.262128475434835 18.675173352798843 1
9.377635945291916 0.7146995544089796 1
5.319680314824806 6.762059707846362 -1
19.626497141974692 7.1532015495407375 1
8.109424129549755 12.65251772522204 -1
17.226068258925544 19.57403820889374 1
13.043099892263204 7.191663632278972 -1
19.320845190265256 5.657304304200721 1
12.330857270277004 15.335996778016142 -1
16.202315406697313 17.1980821019079 1
14.306793221255969 5.846562546499399 -1
14.045501005481889 12.942755790678726 -1
11.137641121535587 2.33587471744781 1
3.298040433540035 18.753935968387843 1
13.229392312219321 8.736862398257962 -1
3.9477869142600674 3.459025535942555 1
13.502593362346788 10.709165411690094 -1
5.482114869835368 15.454419789381816 1
9.751913234319572 13.07407089555701 -1
9.62079023118477 7.812102145670325 -1
16.070220116523373 8.478988178150473 1
5.1807364718338285 13.432211831851308 -1
16.449893974275763 5.152547030876223 1
10.997232240602589 12.351642042687507 -1
19.904996659139883 8.823528219786372 1
15.669087188654167 4.670443996651297 1
13.793967099615664 6.938224931480774 -1
1.7219768612159236 4.170507585855474 1
12.309565331273873 15.05922909618051 -1
19.287530638822748 19.255391857392482 1
9.403420381687923 12.1853760898947 -1
17.28197341982407 2.7541354751220903 1
10.363954789037184 5.017246144443217 -1
7.4043139606069435 18.600226097348887 1
11.656446922125212 8.963872232870319 -1
17.931800134676955 19.922978506592155 1
8.157850157590145 13.416653399462692 -1
15.531438087023243 9.511293308905525 -1
4.254553492715436 3.401492520561371 1
13.36465448748309 19.007739374349715 1
7.1067091228346975 5.026758543069143 -1
4.407494934297724 19.920542734380696 1
4.882164434051408 8.61201438898185 -1
18.548508004954748 0.24366620187582289 1
10.914829932543373 14.527855421182363 -1
5.5472813452176055 15.881716417846697 1
11.483337298110087 10.193034551447063 -1
18.671745327650836 16.8449812781559 1
10.8303184664034 8.983667993670307 -1
16.72171209343948 1.100204230885169 1
10.151349891374196 10.643387909372501 -1
3.2835523877522466 10.225957502264652 1
14.260336993879951 12.24417463471628 -1
17.685329469668094 17.1677073609052 1
6.668303698510565 5.711933487709102 -1
10.20802837965361 17.26151719151991 1
10.434998594319367 4.250550215275364 -1
14.942386534452552 1.6216947843046747 1
7.8326312252261765 6.8179584270433065 -1
18.567309815995717 18.398420427407494 1
4.6936493450573025 12.173503871793798 -1
13.086597123733084 7.991586323279165 -1
1.5343571790779542 19.42641174956888 1
5.113404059000366 14.137137078403148 1
14.048669154123134 11.767716417961937 -1
11.22420136020364 4.631789581525156 -1
4.756073735054571 5.682560947653399 1
19.133823964632185 4.9123315906796545 1
13.326958180885777 7.527059897307861 -1
10.979705832213673 2.7800625865269835 1
13.20922752318187 6.680197400385337 -1
4.932979365097725 10.266619063319464 -1
1.7497948744381464 13.945412115710118 1
4.045404012338 19.927849159304735 1
12.343052771538083 10.063647348633495 -1
10.847707559326452 11.812394187896748 -1
2.4581862568930024 10.224832248412977 1
19.26114004323187 17.851007474630325 1
9.453427256190016 6.124717127060477 -1
19.290073734782098 11.001264918829834 1
15.473985099594676 9.752873185764628 -1
13.476837978551776 6.894810897069039 -1
4.499366044596938 14.572850610374742 1
19.76193039557045 4.746631374867518 1
13.218918711834672 12.419426820457124 -1
12.043617854899908 13.544772968035355 -1
0.28887515390213503 12.901749144541883 1
0.13724273481087623 17.694080489189815 1
11.84574087432097 4.516610375134611 -1
3.4208768852856064 10.394147817081576 1
13.856955885375037 11.93439684119192 -1
5.3015414347534096 3.165093753649786 1
9.634812944673737 12.630097794234276 -1
6.39747912098394 13.287881276133904 -1
0.44856067490939067 18.74550317475556 1
0.5563578447266893 4.916916639841626 1
7.18220989259073 9.754673016977616 -1
12.566709275567005 7.521154904404986 -1
0.3927612588646334 1.5400713622712314 1
11.206331023321521 13.797798018136952 -1
19.102747833204077 11.148036915364228 1
15.874198438895359 12.880928907723082 1
4.895322858939595 11.447589232933353 -1
6.011566342822361 4.168635436292705 1
6.805973811026391 11.565319836293252 -1
6.964206186110989 18.064500259734203 1
6.713279415687808 7.0421257320687864 -1
19.861974237627557 1.4872640281820915 1
9.460016852865245 10.882110887195855 -1
8.991272220962859 3.8838674018058383 1
10.10959762895597 6.940320477486401 -1
7.372821654052412 5.407149153486466 -1
17.551001634586232 14.805543001390566 1
2.1131270426176174 6.1579370796928545 1
7.337908179205439 11.628394820798487 -1
17.7087999722097 14.271500074271401 1
12.768133019163791 13.52929596359953 -1
3.537023086527915 19.684332549573785 1
11.272610180378058 15.47610960901869 -1
6.299637089501311 10.059864746417764 -1
10.093039707831126 16.018860312686574 1
1.67825539988401 17.918142656259924 1
8.024017652481882 10.1345710474526 -1
15.889644932307206 1.7611396623258213 1
8.536999494255905 14.70472786233331 -1
19.200763021623978 0.240748544138909 1
9.755488256100794 6.310766184628724 -1
14.811181831896219 7.412882711323183 -1
2.307738973704847 0.28043034539468437 1
1.2890119211500117 16.242101077338788 1
9.986908543416767 6.4773195464714295 -1
8.6105627095877 4.892823138349154 -1
0.12171860803365409 14.163616253247099 1
3.581150624563827 5.867387183041339 1
9.343602985758388 12.938553207241078 -1
2.4086075626853365 3.538691086603465 1
13.583366524590515 9.68666297783919 -1
12.882441621476682 9.530063505746032 -1
10.828225233586085 15.98862992119225 1
17.865759871636627 19.99993729361026 1
9.086404386027452 9.022867418040462 -1
8.579157619570676 18.970050916381545 1
14.63714302595061 6.740197164783908 -1
7.202009050250366 2.3402740833676727 1
8.561554406337377 6.487714418504722 -1
18.127735880769634 9.284025564641299 1
10.209029260540959 4.185262078855471 -1
12.439891079033508 8.518924241867001 -1
18.80056404844145 2.6109995454944968 1
3.4835251109553123 19.04628253183669 1
9.566050778350375 9.95145686942558 -1
16.237752659174337 10.175905093295796 1
7.665125656920102 14.048200146099674 -1
6.94224153396468 8.940784519255484 -1
0.43029257883104854 2.840996201546304 1
14.570906211215355 6.4083786654758335 -1
8.803154147187565 0.2974131051373008 1
6.6659154171280255 7.034346177900956 -1
0.17552141216368167 5.302296551320689 1
13.062313963838111 16.426446994605794 1
11.52362974668453 11.413929651227443 -1
7.5293431062098914 10.97653848484957 -1
17.283133543725768 15.850954146947899 1
3.529471860705633 19.570207432923926 1
8.76979652396636 10.453778747372484 -1
8.995344875619512 10.411207491141912 -1
3.7749594423606125 4.526962127498406 1
9.434036075368404 11.676615697774702 -1
15.868728060917135 4.604028037851862 1
1.0785183658459174 5.661851442917277 1
12.26265605753559 7.891720421761612 -1
3.3368367181186764 4.505696890782098 1
11.506690763174007 4.7514242025228715 -1
13.492655149074546 17.02251221961569 1
13.757065438810688 8.124470908676 -1
11.911057394941352 5.626320082224689 -1
17.18818370539171 16.476455579882213 1
14.195621844370049 18.660139582771677 1
13.202330229016589 10.725610632709534 -1
8.06372162259435 6.31037858951691 -1
2.777755892782199 6.098853159159667 1
15.802311468647982 10.225660972256424 -1
13.975148593835037 1.4678580292996757 1
15.401772307099883 17.072564625626544 1
12.955041716644564 6.742686664462465 -1
3.1442790221751626 15.226173826155328 1
11.490999957707729 14.078479546076142 -1
2.3108931772783747 1.5719336048531596 1
7.00622129774906 12.675951988481033 -1
19.650259016647666 3.507813501212116 1
13.439246160630812 10.573272078094746 -1
4.966240688885808 14.028419439151193 1
11.261479545874135 11.136712299023259 -1
17.901108746828335 14.003047914103714 1
13.86662721291792 9.017475883673177 -1
18.677861070228477 11.329264107602164 1
8.377424806598109 12.274680474448338 -1
9.65093375669684 2.311097605955612 1
10.189077792136318 12.487382643535746 -1
3.942768084281907 9.057554154768672 1
9.05479502931335 4.997609633377939 -1
14.81682821107955 0.13569984730212203 1
6.574454129735912 13.637383365122504 -1
13.367179024913336 8.93229831046763 -1
3.4353644294017016 9.876790792975417 1
13.55108262107297 15.522884196684537 1
7.743277414860921 11.973431584867942 -1
13.918902311613293 13.506767097137033 -1
18.355127234683398 9.449554160626057 1
7.691818385173985 13.328223596441195 -1
12.359708068808064 2.182995813810733 1
11.751479678202193 3.6637362383973593 1
5.732377323578741 7.222674758598277 -1
11.707291803356014 6.465354323755581 -1
3.1746644512348365 8.993790578474194 1
17.071336558928813 19.49804435169371 1
8.427694031816468 7.652790766912387 -1
0.07647564116938455 16.249234412464475 1
10.011543093539082 8.029174866057682 -1
15.626049444356166 3.361453099495346 1
4.887954884629792 9.720472234004765 -1
11.159644886798432 4.866535995632075 -1
7.323080382826912 17.52251397226638 1
3.702103264010732 17.4140609182508 1
5.182777766396674 10.27819259241481 -1
9.369370005818746 16.161157806227045 1
8.251944665950843 9.68546131563901 -1
0.38148735450912463 7.6573882711598245 1
6.6470531242724356 14.325333325622791 -1
11.098147349099609 4.34757011151361 -1
3.6027492616553247 0.8151882606127869 1
19.44141941438896 0.8325990111175186 1
15.696651385963769 10.369914946505228 -1
7.377941653158651 2.31820875542579 1
12.178105761432562 10.159744177303086 -1
8.095776283645396 8.932655406211365 -1
2.8266453010980097 16.817478660143173 1
2.0112501183991327 14.022385166238138 1
13.404463168901817 5.770428022081728 -1
7.478389195333741 7.9709084200269125 -1
3.8031211940030474 17.929365724739355 1
6.099441147230715 8.475462735792714 -1
16.831949886516156 1.4489847783178122 1
5.865600527059637 16.98518474747172 1
8.13324650931574 10.198095617630347 -1
18.38787405021413 14.809351908895799 1
7.206186586263838 5.379686386462367 -1
8.470836922391605 0.8391881748897423 1
9.873431213356994 12.267773445059504 -1
4.524589020691934 19.454798383269075 1
13.271081268961964 5.821848818774162 -1
15.609872942981342 10.87695855631461 -1
8.384275459633761 2.7024107021906096 1
5.59858781110276 9.49944617725004 -1
4.885650414463414 17.26241205997534 1
13.149915468031391 1.0681111997477633 1
11.194741320136512 4.7874593472171 -1
5.142255361490671 10.33487839691664 -1
16.703192798885222 5.6268371890184525 1
17.72980921024966 15.274163635928193 1
10.065206991549775 8.365730415339998 -1
2.504863395112713 15.740306122348782 1
9.343293588800199 7.955648080292173 -1
11.03499304521491 13.12078958539942 -1
14.245110347614844 18.102700835482498 1
13.217785663353443 16.842272620606625 1
8.572188648579031 7.779726163496297 -1
7.350910695788602 0.5826507738648345 1
7.66702260048781 13.285483456249327 -1
10.975712781513504 15.586221533862432 -1
10.762232179277671 0.07126797765410364 1
19.468464294691078 14.112151011481817 1
10.437037101279731 13.96374696445094 -1
13.023793303660344 18.641130444025254 1
9.565002299553896 11.58688410356123 -1
0.599567774391847 18.229153589971144 1
5.948771836148072 13.72313278481569 -1
18.172182778748464 19.518754049183713 1
9.524269682561561 6.346900054623319 -1
10.376674364100554 14.74344633223956 -1
16.580951921020905 4.42865841556221 1
15.154818949692107 12.30995252899328 -1
19.957695057857954 6.23378917513768 1
1.2601816184601544 6.555187050166145 1
13.748167350952487 7.704112614433935 -1
6.773460543428493 14.593740513207763 -1
17.654577445677567 14.181186611368181 1
14.033397976529315 0.37905496211629197 1
14.221414275905545 10.919869807915273 -1
8.190419360708335 16.916262383025103 1
13.473773257460444 5.34987036843834 -1
11.244495079190651 7.398950744143438 -1
2.784148846458685 17.100325410034905 1
1.5917518763781535 19.71780558422062 1
12.89789050110894 7.036045382444536 -1
0.8191655588238111 10.457450280185457 1
8.761878668951464 14.162790045759426 -1
3.6112538906636016 11.244561338612204 1
9.778434594087106 9.197153046720912 -1
19.08762326572049 8.65396794871022 1
11.360608714464831 8.167549043094045 -1
9.667147931452906 4.116540933468437 -1
19.574530897939045 6.4055474801207435 1
13.745757075470308 4.82651993329708 1
4.714733243818605 12.644797415075574 -1
7.17165194405889 11.524922229318273 -1
12.51520358666073 15.469234713381208 1
17.70522018310905 16.524791333214882 1
15.46087541280616 11.790363076639554 -1
11.261131487955724 18.837678381170658 1
10.77849058429651 14.166684226911833 -1
16.524093684544102 10.60526176391284 1
9.182078684559192 14.417446395174924 -1
6.67093223942044 0.3617670863447575 1
11.68932066118407 6.874317830276118 -1
8.993346162373053 15.828790462092952 -1
11.78671449029672 0.7456570150834474 1
17.11469969877534 15.051223401988086 1
13.883771394396698 6.0143499218380185 -1
4.852883705313262 19.747971820907207 1
9.864983962780078 14.01951009049733 -1
5.850497741399499 1.2391083433165528 1
11.49032591061776 7.01476854869945 -1
12.449714004494716 7.581675881944408 -1
13.885762062882216 2.148175296905823 1
3.130317344111113 4.621599672586322 1
11.606588032263206 13.178173268683134 -1
10.215916011291712 15.479029713193553 -1
8.443892422090187 0.8879933118717998 1
3.9890379960746314 10.256199849261469 1
6.950834911712349 5.438985273049093 -1
5.878686657556607 17.656300013137894 1
9.087901172381613 12.501050782506617 -1
3.8123102732644676 2.6371642901752423 1
8.924499218973214 6.348496333918437 -1
8.335514688166064 13.377607800796934 -1
19.126312653635843 19.756162456268484 1
7.112831002993407 6.6085128010419965 -1
16.632914298525993 3.542996936076701 1
9.895195766524875 14.769018347013388 -1
15.541055583529936 4.2373747712190735 1
18.90219132663257 5.433414928470941 1
13.886113900085501 14.022570190163359 -1
0.8268105937845638 7.510790463634642 1
9.3815495839052 9.307216611665975 -1
4.517450599678828 0.3926375698713236 1
7.4926057768094045 10.277071167485715 -1
6.252052635295207 3.4594143121205567 1
10.973792014634613 15.415951907132374 -1
10.96919031673034 17.568586921071134 1
14.544482848007858 11.883154030405445 -1
6.8010649157762515 16.5146060841219 1
7.068957323329759 13.068661539015881 -1
6.364462326044251 1.0553121863984338 1
12.835591115916227 4.901937539922132 -1
1.12316857032432 4.849238762426065 1
7.768919425835447 11.895840666577282 -1
