13.72458411766415 17.338860206695887 1
11.537982089817175 10.856552473012806 -1
12.715995127409382 16.290157681089205 1
6.80976264821596 8.754102526472 -1
14.707410039361816 2.0117901454120313 1
12.607335143115545 12.178249320053926 -1
13.552278830838048 8.651538485529201 -1
4.880746735978305 5.478465493386386 1
17.334991139551345 1.1529684350699743 1
7.913785771111095 14.58745024018424 -1
0.8538454784261562 17.67698479345069 1
7.442075588122645 11.412272590516086 -1
8.796506832905052 19.246528560493562 1
12.089925813415237 7.831323397173707 -1
16.032617363079023 7.15361274274766 1
6.906734456410595 14.799619021515 -1
14.489979497236295 3.472916600834961 1
7.7888345697645605 13.487607746543848 -1
5.818215558713931 8.533275738642029 -1
3.739586576155005 10.376591247268003 1
11.87701260467772 11.364435309228877 -1
9.801509001568185 16.314200208932096 1
12.480136123510107 15.055094233796167 -1
3.4857592577537844 15.806651011711853 1
18.894843271234464 7.035009012066132 1
14.27817967037585 6.420401862292686 -1
16.424456714766592 17.891532272760934 1
13.16165171033031 14.135884645716143 -1
0.8640995478087454 10.944776197373248 1
12.566556431121807 8.314798893136102 -1
10.543685458795002 6.76008358114506 -1
18.562637521272578 18.966975586049884 1
0.07046233229708321 0.9449324718172236 1
12.565594244931065 4.779906181578372 -1
11.882992935022632 8.077819687050889 -1
2.6357957068635707 9.279661199085808 1
8.906357748813893 16.776221321258735 1
11.558884570766919 8.748208331758761 -1
11.003268131708348 5.3506535598008025 -1
14.856462111499535 19.74061981736656 1
4.313714048609418 0.7094667241698427 1
5.217547558101834 11.29249338949812 -1
16.761168598752334 5.007413969732372 1
7.16999112087117 13.77699790762815 -1
1.8632758989344222 11.64570169991033 1
11.932560853475584 15.607861646753584 -1
0.13740668479804707 13.661463695745352 1
9.14984818588199 8.618355407402058 -1
8.90471613557352 0.6803613130634156 1
12.088111313083058 14.75909245155675 -1
12.109862256899078 4.64651521922675 -1
0.019244868817593908 17.2181592975315 1
4.769385047710443 12.726134767090409 -1
1.3285838065383682 1.9993208522844341 1
10.221020226544864 3.9027738826217506 1
7.148332251584937 8.33145570420294 -1
12.707620295435927 7.717117298327931 -1
15.934928724042138 1.937116741564897 1
14.496746792385949 18.071689115064075 1
7.167756869358877 4.819718576948528 -1
9.413112401455098 0.024862079648275692 1
9.186121121497187 15.919124234345425 -1
13.40538369158863 6.37717483306081 -1
14.632898613565366 4.590276149228645 1
3.564948644949002 17.423722535196966 1
15.42283261845549 8.676699136684164 -1
19.236551995715306 3.392932211240871 1
8.763129982615268 13.229312149877533 -1
16.25698824945481 16.06426852601644 1
8.730359183671496 11.148995586489134 -1
6.526776297604389 2.634820835293834 1
8.505775409065965 7.054602658700208 -1
3.8051944206009436 14.942038277070823 1
15.506849873576682 10.478952562236707 -1
18.793624122079823 19.188160449323387 1
5.553317571469445 7.307508295758542 -1
15.862535535914368 16.795068357125544 1
9.18570902834343 6.1045079959738535 -1
17.520784111942554 8.909603912977937 1
13.351748057337517 5.8059463784472465 -1
1.2579336763599702 7.429159807190599 1
8.252394744173541 15.441056049038899 -1
18.297195667888865 18.5866715988576 1
7.182482224370594 10.08092339505607 -1
18.470800550738403 12.092049133591685 1
11.830207157338965 9.508452533888276 -1
1.152425743141663 17.287451732753276 1
12.071625284228702 6.545966197471622 -1
4.93079541136014 8.000667012554107 -1
4.5173765634640395 5.8844846541640505 1
8.006646254817715 0.4442961564326242 1
9.341714861150983 13.780657688723267 -1
11.370625966274442 6.206529896992508 -1
10.01751877025306 3.373288335370872 1
14.579064803335022 12.671644984322857 -1
10.924190906741497 17.775187282999465 1
10.02363991834567 2.915582865413129 1
14.613830108859835 7.914584547904799 -1
5.40276399568863 0.38410763832086525 1
8.305919366302208 14.086887833936526 -1
4.23395135812698 11.602061250188964 -1
16.9872733389806 4.240974561615898 1
10.819010189647765 16.712919395342787 1
6.841297353236467 8.293732732631888 -1
8.141111378692163 5.819577416859898 -1
4.691963422023759 2.551109953936306 1
6.05269080793658 1.333026216526636 1
9.4737043895759 12.829191928935382 -1
14.943124133391652 2.232308185012297 1
7.012903331445585 11.034342072674747 -1
5.476284496586006 15.377926197531078 1
10.013449014052648 10.015575966154863 -1
13.871258810677352 10.239986618852356 -1
16.750499148121285 15.722536763262118 1
4.747439365573404 12.560570096397498 -1
5.806613561308676 3.0140291372675043 1
8.71743067843563 4.50651473256471 -1
4.319817620279231 17.660181564616995 1
7.097070790854514 17.145453258884633 1
13.20382325830485 9.680536900986027 -1
10.041784152024109 0.3651898309977608 1
8.89394134530111 6.135860445746624 -1
13.662058303598243 16.097144761028922 1
6.356092127357451 12.026648861883249 -1
6.581704254413509 12.137090893592342 -1
18.22542767720438 3.845554252849155 1
14.519675274464532 9.709514445264718 -1
6.029142824073219 3.9334621463956765 1
12.48717417892115 7.913990567157725 -1
0.36676782112951223 9.506646034165659 1
16.307155994751696 9.790204896939724 1
5.813372838412498 13.071481993086016 -1
11.375416487270584 15.435146959871805 -1
0.3452395650805151 17.958725401475316 1
10.05196284997001 0.14746904407102468 1
13.53901048542383 14.677511373903902 -1
16.174360542926703 4.650924076106442 1
9.994460387358782 15.687393606103532 -1
13.331366612494893 16.998368063348305 1
10.81052239369756 11.523512471922517 -1
1.9347836193860357 18.740158444379414 1
7.088461270999393 5.708559203376302 -1
3.259309071249765 0.26719553145204245 1
11.69688103538119 6.849453989303857 -1
14.167928724200252 7.423589117049245 -1
16.878354474613314 8.332516795304938 1
15.1039358859553 7.850980168600847 -1
5.478241135074374 5.96473669695423 1
9.844835620399873 16.464408318178393 1
8.707396123615291 10.252501313202577 -1
6.01567349181205 9.933890054016508 -1
6.231297103329263 2.3263063957211094 1
12.06345971238946 7.573136210237279 -1
16.528421090058835 6.957500349473149 1
9.192835661632026 0.09783984705529214 1
12.336749660723612 11.75617284281816 -1
15.81178428145498 14.314350014961153 1
13.217047473388202 11.612865672553127 -1
13.166400875394064 15.211292166299284 1
8.545217217290888 15.643481576045053 -1
17.43662721399703 15.002579437624007 1
15.063949693773832 8.568644265790965 -1
16.205870618480787 14.221818594184384 1
7.995396118940523 9.020764783075348 -1
2.3715580121833746 14.933238594168987 1
4.787982571171314 11.704988275487576 -1
9.8439966082414 13.918409753093329 -1
3.535135794055355 18.784887855845806 1
9.769009419310864 6.808881238934634 -1
3.270216164012534 0.6887603900233885 1
14.188113071563874 3.644820398769175 1
5.833844916941757 11.246413340809283 -1
13.494009146904665 9.040802620702637 -1
16.493576360920805 10.433698026832076 1
2.1816895910459255 2.405916192853681 1
9.840929409933244 13.052785087583906 -1
17.33709508127524 17.26315259780788 1
4.603811777920022 8.621002493826595 -1
16.36535431797556 7.489255764554834 1
6.724823383173028 11.479161380091282 -1
8.924766326322278 5.5020329131713686 -1
19.260394350894426 15.496857794374447 1
9.73452909684587 6.477087159489945 -1
12.729539372440328 17.19207246770624 1
3.4182171284160368 14.278995692319098 1
9.92639139003324 6.908542822758468 -1
7.504217599494181 2.561155373734003 1
6.65244761577267 8.472668406100698 -1
17.456113475165353 2.8328167014568972 1
11.051323982187762 10.956380520668247 -1
5.5558966702579715 14.902640967836 1
15.083183384671857 7.32579723700783 -1
18.305257094727878 19.93764648193013 1
12.97923706795687 13.978156948450785 -1
2.0227213577158687 4.797766661721504 1
9.295223775297197 12.577511184911511 -1
8.539267495865397 14.841419677240225 -1
0.3247328387167592 4.798411430291132 1
7.5380847617257585 3.9883885960812737 1
5.775328060160345 8.446803745819345 -1
2.009306965965032 17.064524816153835 1
8.520530927386364 6.33995790647651 -1
14.38254171734846 8.339448530352024 -1
17.96012442535545 15.46761280595095 1
4.881955945587917 4.8342488303265725 1
12.46398317427737 6.0189693088664065 -1
11.640262335883364 14.223834622669614 -1
15.850106849641424 4.534120964127791 1
9.791120588174813 14.02334964173769 -1
18.299776418763575 9.155730203820468 1
14.27321083389176 16.13699146082685 1
9.230224033963335 4.524546294484901 -1
18.350915276648575 4.075751187094216 1
7.505518973552463 11.758912303361171 -1
6.760921509649278 15.735204630980204 1
4.989981077252176 10.311732650432736 -1
17.069458983007397 19.764610537825057 1
9.62175556082821 5.558623596600749 -1
19.32669448149472 15.436914203996668 1
11.804779403033063 12.835828303362211 -1
8.78816194110646 14.515118104519775 -1
18.254431853200902 5.895664768125746 1
8.69674071151666 9.38307371207733 -1
13.861417923757324 3.1388317824046874 1
14.729767278099303 13.90863557281689 1
10.87918248075889 11.034504323041954 -1
5.31368231669989 4.502773669894324 1
8.46477568813742 7.830715216443977 -1
8.92571721882511 7.878767062942105 -1
16.95092492640186 9.290187618954722 1
10.183233515129324 6.226735012627634 -1
18.843698232867126 7.616092349119368 1
14.139026196887965 19.325504261614526 1
13.106879048766906 12.261456034201208 -1
16.12896581778979 7.985375756234254 1
4.276386301435302 11.19387299326424 -1
11.100464147649912 8.400948795130102 -1
17.1638291858527 9.95752275370408 1
14.902418914794893 0.4272055782533646 1
13.66018104860661 7.4437054353427135 -1
5.415597552073388 17.988019028082554 1
8.372510641019616 9.94976037228241 -1
4.47458929914921 8.82340028537696 -1
19.31843849143367 8.928654264342725 1
4.552354785441826 1.5042011404259337 1
11.199611225147505 6.515801384088826 -1
1.589253057482305 6.589372460323779 1
9.722145876961541 14.931777893695713 -1
13.560382449764191 0.7629818425367629 1
9.77787333350233 11.852905920780664 -1
18.065892130033426 3.3914226857795393 1
9.067112853213041 11.204813054862072 -1
12.13323680911073 18.88791783413092 1
7.714764674541628 4.508324570688531 -1
17.129099678051762 3.684542482347384 1
11.285958377377787 13.094692750689829 -1
0.7911900068053046 3.9138301573454437 1
10.307940674934146 9.668971235048334 -1
5.100407540450906 19.3174227071564 1
14.153216699495445 6.894556545120929 -1
4.47191039970984 4.987690841721967 1
10.492370107520696 15.47481659193932 -1
3.906374237020822 2.7816746371281242 1
11.703050704499422 13.211552535197875 -1
15.086479908393276 12.303991849650743 -1
0.7024427406366596 16.307563594151205 1
18.22026821842417 7.8552977808188285 1
13.784041060431315 11.525589787825774 -1
15.117503154008173 10.0730761301479 -1
19.296160458671928 18.535758777944405 1
9.221537928130047 11.66162828110532 -1
12.007771308879313 3.811781187275043 1
13.690574752573399 13.125408988422244 -1
14.649536206038501 3.6862959240750715 1
3.086570216434843 14.057619579045104 1
10.058005770550016 12.612606217351455 -1
9.600388399433815 11.143666235965739 -1
5.164048712424054 15.655036286993209 1
0.5018709727915116 15.88900089217611 1
5.516252767563799 10.921963747805751 -1
0.017464047361301915 13.527542880635322 1
7.014591740659921 8.546090722966078 -1
9.961788778476922 17.343923979616797 1
12.296102897518013 13.729828532168911 -1
19.98687207728072 7.87126245119641 1
7.004334116438629 12.921486505608812 -1
2.5241236541455314 19.972596432128896 1
10.434883776787638 4.4388573473347614 -1
15.604358049704722 16.575147364720515 1
6.415535868663289 5.959899708619309 -1
10.17487336582647 14.024321021817517 -1
1.3734630770798018 10.274701123239662 1
1.2518087592197968 9.723731687757029 1
8.102308765890466 11.799656707435036 -1
5.904041617027158 10.66793141057139 -1
3.3881423063833416 1.3543210506432612 1
12.087565723006854 18.820704398551644 1
13.085951435307734 5.837676927275146 -1
8.838892678895473 10.282218207261288 -1
1.978999898121705 16.06319811352114 1
10.482320139182832 8.154139702745391 -1
3.2591023640697436 3.4783357400743675 1
1.9394632578693582 5.690824935180614 1
4.0944834925253915 10.670479771119306 -1
11.814041100518518 4.717747781547546 -1
2.7809679557376565 2.0809789025736336 1
8.133475800734924 18.412973418392063 1
5.395973671600172 7.648941409551735 -1
17.05200584850428 5.362988759088818 1
11.167608349351507 12.23734282716487 -1
6.384416006292291 7.524949788323408 -1
5.939816097677699 16.378250182882358 1
9.081320102166986 5.922523119101832 -1
15.922482462433983 4.603689621087705 1
18.025643385103297 8.713830793593822 1
14.830020014896988 6.821130936866147 -1
17.896970449919966 9.287369815480487 1
8.114257438042356 9.16162214330967 -1
2.3419850433106637 19.798909010389508 1
7.601245905231984 5.1581059845901 -1
5.768399236308895 5.071208379523863 1
6.239498067573472 7.9686100608452755 -1
2.09002773727039 11.715270076295488 1
11.435065184175755 6.945415621795428 -1
0.3548198405448022 14.30131911569344 1
6.826574462333448 10.617144358281301 -1
13.359318937672882 8.281934474378703 -1
3.809732385477591 10.10206168209015 1
0.25877865155020885 0.03866922472523182 1
10.458970886977454 11.417234119100453 -1
4.908823969484404 3.6369035684965145 1
13.227050693166792 9.300320569308349 -1
13.441507210457813 8.739825878361065 -1
18.110421220826375 11.62981538944894 1
18.45018240681391 2.999174689751918 1
8.014604348846618 12.320695319275977 -1
15.690588354318438 3.6703233734691687 1
6.6704470833166525 14.476381701405767 -1
9.875801236456287 17.467666957663845 1
6.276593628663423 11.56908015249514 -1
1.588885998962044 3.651112436457884 1
5.530782904023221 10.146430891749908 -1
4.061728011716745 17.009371993569797 1
10.270179038334282 6.98759346245573 -1
16.72994628516002 12.295296770905338 1
13.735763556049584 7.252871698783152 -1
7.549428090260055 16.261894801231474 1
9.60814129878737 14.845435011747899 -1
4.703642881357859 9.272139484365084 -1
9.460289121022976 1.658955629979637 1
15.2505601372856 16.624614221025784 1
10.887568390704947 4.749862484021612 -1
16.957482668698013 6.627039532744041 1
14.492371354032048 7.0361595022664165 -1
12.75146594688292 2.5970126793535675 1
15.14387285118963 7.849204798766998 -1
3.7259363773403975 5.954673911146187 1
12.501498264035218 12.560532759755462 -1
11.073438518691308 8.392039559193972 -1
16.201123275656926 17.35219561339173 1
12.919508727311275 10.108548265308173 -1
0.1615891651384671 1.1329400789026978 1
2.367860202144596 0.18687272997269133 1
12.212433566496445 7.237065233146285 -1
9.653931247016942 13.681191382896687 -1
17.032307178406235 12.874845827749542 1
4.32191269934405 15.546574347556133 1
5.342377529976988 12.860197597577299 -1
19.849003306008154 9.67846560554144 1
11.721670088015372 15.24827153283933 -1
15.569167729462476 5.241212434719977 1
10.867142666964417 4.38763320845311 -1
0.00267727252130312 3.0610506011914307 1
6.640886541618931 13.059157959159657 -1
12.20223654971942 16.711967768525994 1
4.805169004956866 12.066579673224139 -1
13.01674319334456 6.397765327347105 -1
6.469618676282565 2.8738396902708385 1
1.909014934919424 1.4233940354006402 1
10.532820674062854 14.417006122449667 -1
3.006366553381763 3.913394846948024 1
10.234547216644362 5.498016263396625 -1
12.437862893573488 8.027728825049504 -1
17.7060201080667 2.8268481404588885 1
13.588991438411227 14.643796299091253 -1
10.915909471656294 19.854883873291605 1
3.7538426567029215 15.401843434184068 1
13.980274697081397 13.580739110963666 -1
19.27444082466535 8.443865153964222 1
9.196840594364243 12.05822233296601 -1
17.709813523106448 17.159575684694076 1
9.890235177247055 8.973955105073951 -1
10.303085751269203 10.598998061439593 -1
4.747992684166871 0.010767536024922642 1
5.638471622783334 1.5574907832973284 1
12.183284704728637 5.146561785864785 -1
14.655307636848313 11.814624432662246 -1
4.6327898415895135 15.390950348455707 1
3.5481729924648064 19.30729207635512 1
8.24461987305256 11.978512561318148 -1
5.091488461227954 11.674062086798783 -1
17.3196402682531 9.407106500012839 1
1.6388425849781862 6.356409159391758 1
4.241499327981302 9.951394885388343 -1
15.980400822547827 15.273850556355155 1
14.667777688332606 13.511419312842774 -1
0.7230750250887952 13.869442147171661 1
11.851166221564513 15.281407560326539 -1
18.219631888294273 14.160276376812869 1
9.087948205584748 10.431293549355473 -1
4.4845695113092 18.522581844911386 1
8.498355662043773 14.328372681534962 -1
7.333590230752607 2.0942630315166855 1
4.662468263073041 10.367578909419775 -1
12.447263939825433 0.4648831872281911 1
5.4612693366910054 8.451846294853375 -1
19.968640850538677 11.657056143690754 1
12.14189247105965 11.20998116767417 -1
7.299426339049204 0.8379306380625651 1
6.859860602233248 10.834198784072067 -1
16.057896475158906 9.732602584805058 1
10.458978999501845 14.549374957385314 -1
1.3230969239957946 3.1189497489859264 1
12.180908265614738 10.248816046360025 -1
16.468229148345163 12.838090868632355 1
11.569535819033653 12.175275860395942 -1
6.8905360922000725 14.209149109334184 -1
15.2222558207772 18.07568079107311 1
8.921348962800035 9.830496666213918 -1
16.260002696992466 7.617544862485186 1
17.9687581152413 19.317890789591267 1
10.30603122032682 15.849022788263076 -1
16.756938043074122 17.465553821938002 1
13.492592059860604 12.798621352736507 -1
2.907846393774054 8.91707292378388 1
11.166644239946464 5.7849349521625415 -1
13.405854259132363 3.437485507286977 1
14.801266557643931 9.853489394295632 -1
7.77932159039495 1.1301203281855687 1
9.671743199744544 14.70766499568269 -1
13.355755597230722 7.614851122619806 -1
12.007070322279297 15.963762347502586 1
13.635500048135182 12.27286086149883 -1
4.815859933777937 19.40085753476679 1
3.3944171509469734 17.45559012945337 1
11.92069326504318 14.081243863906899 -1
0.8399754548684735 18.002394328688585 1
10.44824804242596 4.822062600362487 -1
5.677763516541388 3.124863477724984 1
9.111681560942092 12.767705373079899 -1
13.797620727156545 8.05352986193591 -1
0.22422210614574611 13.329085524198023 1
10.913024072148385 15.614626794354107 -1
1.4841538836393298 19.39984485288512 1
16.252792178178787 13.528315933091209 1
6.796643873338171 9.716006839448992 -1
0.8159622152116075 1.1448735789518039 1
12.555784768763967 9.264871492918548 -1
17.231839768509708 17.369287512063337 1
5.798690014080239 8.482845524112426 -1
17.427845159296783 7.8778336287004835 1
6.875056891852351 8.3488406345643 -1
6.8811493441357445 2.1737052348224006 1
10.056443618600888 15.688448187118995 -1
13.547087674846841 19.23481775099941 1
12.266446318798208 15.491853353079343 -1
5.931547571318809 18.05935336503812 1
5.36469337102762 6.8902886369494425 -1
5.896329534183398 16.133737694375792 1
6.341873165950758 12.340006734443932 -1
8.719227860285256 13.31584042144712 -1
16.61820657812398 8.211087726613274 1
18.634638595427525 16.2021020657204 1
13.09536329301534 14.732764961092146 -1
2.556796676185371 0.987665906839863 1
9.5035028805456 15.062168774735486 -1
17.711091471015322 18.11868259972838 1
13.161568356677291 14.391360575663956 -1
16.16224076708518 13.372836172368617 1
10.232066440293696 6.720357454436945 -1
18.328579750906393 16.94274604682596 1
6.410697803251724 5.244811368550608 -1
12.51245810844319 13.1448897643074 -1
18.840367214479812 2.4470930043636407 1
15.119771127060027 5.876032086382628 1
12.588326064673033 14.642458900481968 -1
14.247172812465 13.500188438749403 -1
16.12486902506775 5.282923602922462 1
18.63934871558754 10.294903182573165 1
15.11223158166344 11.645334632905147 -1
2.411721912963445 5.652360388371251 1
13.378293446767685 12.830597766537206 -1
12.580501037442811 4.699849112262489 -1
5.670972573264206 14.84392212665008 1
7.504469981422021 19.46420321500424 1
11.434688362381744 6.841097752637813 -1
18.388004176123985 11.240175585574946 1
11.151695701900081 5.353027563124709 -1
5.565736881904513 13.077544451372415 -1
18.53355920989818 9.240718241412063 1
17.439140023216396 14.10132935426443 1
7.0743544256428965 10.95847701307507 -1
18.46262644278266 4.41751305899742 1
11.746374300865954 10.115467085774279 -1
0.45450583712797643 13.950666388578766 1
13.187677357338414 8.018760587848464 -1
9.598393272728815 1.1468464629411246 1
4.556004705797148 7.8471322862212345 -1
15.09782174246989 5.783818286315141 1
8.465557323334604 10.375443934124075 -1
19.453075365020325 3.135796356238283 1
14.346255048709011 10.350098383266308 -1
14.49966083667585 5.781049311330055 1
11.588692588175292 15.356747735797853 -1
12.487595305834935 12.682759519633828 -1
15.59918912185025 18.631532205100548 1
11.025558121752033 14.45248258627267 -1
1.9655245664267396 2.94734588853939 1
15.86923116095095 0.04721486782727213 1
11.50615239466193 4.836566299390861 -1
11.33143703747374 3.6191679703759783 1
9.25842692923194 12.06414193297113 -1
8.401359903255539 4.282719649213771 -1
6.0816429902891045 14.883003995766515 1
18.782302472420067 3.7071858797087476 1
9.059495510735191 4.1833234393661485 -1
17.012906024803026 17.333911819471975 1
5.370938039907904 8.379787026547705 -1
7.95955625921316 6.504216150544999 -1
4.558752761944332 2.4453192882119534 1
11.828402961433508 2.576508150974599 1
10.599186238526421 14.368061393441092 -1
1.8344129034179635 17.565967257949737 1
8.94385480955478 15.206174888185977 -1
11.458019687675364 12.115950467680678 -1
19.39011135312264 5.485699506068487 1
3.432603986685725 14.860939534057408 1
11.39943232496054 7.4752664411101 -1
17.731972633482485 8.41008164683237 1
5.392523842379364 11.035462025609682 -1
6.33575502847026 8.27133122014988 -1
16.24456699733839 4.928038811906039 1
5.398460607253277 6.358977779451749 -1
2.1185490506255023 16.147987391118914 1
19.37122128265854 7.18071404986091 1
15.9535844742487 10.130806158580974 -1
2.466577319611234 3.6663517230084897 1
12.236943469903991 14.673024992637298 -1
9.008154105062435 1.6547889549854644 1
8.454559175006832 6.563749975501647 -1
19.995481025207592 16.091262330299273 1
15.655720008982485 10.474578919801395 -1
9.185238932439079 8.464129676005996 -1
5.210032478578284 2.577792094037399 1
17.699070698310095 10.56152005332946 1
5.463071446532679 7.451436953093856 -1
17.713240941436812 19.964947651408924 1
7.012162697760484 9.103404606035932 -1
12.710767212020148 15.400051133677588 1
10.433626599739938 12.347463604176735 -1
15.556713485002906 0.135810807511334 1
11.227039024856424 5.7065898746210735 -1
7.107181812145857 15.588160091670748 1
8.470766656524045 9.974677599576935 -1
4.243889182860096 12.7244216408473 1
14.228556918413599 13.917743769261925 -1
4.207962139566137 15.402850768184798 1
14.728102905011307 13.598705276912039 -1
11.311154644167713 9.16813328119159 -1
18.196542390190366 18.356507549574594 1
7.864424520505057 0.383282340061073 1
7.8023924258305595 14.585921796067042 -1
2.1175386648639427 14.327678678200872 1
5.845272399152828 8.266748874534438 -1
4.730977736291657 7.318736231482401 -1
0.3805312402183736 2.2860149708638122 1
4.152789080366553 15.267829705223834 1
14.279000792523766 13.80011502376368 -1
11.805398829130983 15.425626957407852 -1
3.8101790969724014 19.834416267850635 1
3.7357506882167635 0.9901480093723669 1
14.561022834705463 8.593548284737519 -1
5.2047811245023645 1.903319260672376 1
7.018243154715556 6.045643498249957 -1
0.19370055368043593 16.85425931280736 1
14.80963073529026 8.292377075915491 -1
0.6855756190005802 9.681148519863601 1
6.972405125698802 13.106073518166042 -1
15.189368034454498 16.145509045095302 1
13.428435132791083 9.15251070947528 -1
10.926536586589997 1.7887573369771181 1
10.609420755340501 12.472478492438686 -1
2.154365653845771 7.806094373062207 1
14.686060176735813 11.514131541258333 -1
4.678138989415026 2.6921623882784873 1
7.003618335277828 12.926144052381352 -1
16.677793045256525 0.5792766687361217 1
8.643352963385523 15.607523327389538 -1
17.522054329446217 4.870086844259571 1
4.6086872632977745 8.956145433203758 -1
11.131553434236093 4.004368905481326 1
13.99320752694744 7.159899477558486 -1
11.90128155015201 3.8425221173274537 1
6.147627729286896 12.765411641550994 -1
2.5471639552714564 3.689431446823841 1
12.90555717334388 5.9386622340291595 -1
10.439582038724346 9.54114211577446 -1
16.07098462114916 16.0351400865601 1
16.426796533325735 13.369409094007604 1
15.419536456887135 11.628842389593462 -1
5.509110862367321 12.059118549949046 -1
0.5333665280955802 7.381561808946735 1
6.737519398248031 9.919218535042633 -1
6.821720698866962 16.278281171721453 1
18.911094140812352 19.369167267542576 1
6.9856519261220384 6.719116251929376 -1
8.625896055420705 4.385405961826354 -1
19.75679660417969 18.68930212725206 1
3.560382877418198 4.940953996163175 1
5.0163494389407015 7.796028961033619 -1
17.3999176360804 18.89095689833406 1
12.678689001434533 6.5978191810683695 -1
17.628594386675 3.902706093370174 1
13.186476078719775 10.237461322639515 -1
0.519735680668072 0.1524339313782752 1
7.346305176567651 11.128511819472706 -1
14.94245893258326 17.674445561881246 1
13.344891490396968 7.310909621708081 -1
8.360493146362648 18.004553745187806 1
13.971190630910368 10.782388304635127 -1
14.733337802944849 19.640502762372115 1
9.359684999814188 10.239554322088578 -1
8.917003431554857 4.373296154501443 -1
19.556893699485602 7.925838798995963 1
9.801756498072798 6.346064284151387 -1
4.10590392662934 5.753780349651572 1
13.692897319602267 16.068264251079537 1
13.745611294575095 14.459261386680854 -1
18.160422156497948 6.165580019789192 1
4.984909136333481 10.308857351909138 -1
17.060591722869503 18.212514751483997 1
9.218655583461942 15.49932230820739 -1
10.407960539315793 16.55293781285546 1
7.178205852841144 8.691941770268151 -1
9.960449171563488 1.7583278474971875 1
10.665103408222734 6.97340269048534 -1
9.041614495674912 3.6144781457629804 1
11.825673885479809 12.079818059713537 -1
11.528202861612264 0.7419959101413398 1
12.176726171797451 14.7519110982129 -1
15.604141660848054 17.206306975284136 1
8.890619840056903 11.627033060541478 -1
1.2741869190373922 5.979600832757455 1
9.811053571140064 9.70487379558101 -1
2.2954080186524273 7.037613702463144 1
9.198420234273305 9.872515623884649 -1
6.3896148876495396 16.167119105469702 1
6.6638885849550755 8.997694701678396 -1
12.70633341363938 18.00014328327797 1
14.800693027044108 7.579148649811989 -1
19.066739013016278 18.956365960299756 1
5.628210609027915 12.41937469048797 -1
5.115639825810529 5.882157868862976 1
6.651011170957828 10.722443375730688 -1
7.39567984868164 8.904608514129492 -1
16.107365164540223 17.54468274956811 1
6.78149881847215 19.49884831267244 1
7.8467283263883765 10.855395354959068 -1
2.31111718722965 17.859967913538924 1
15.545681417113391 11.98967819489086 -1
8.157640507219257 1.2354485613713306 1
10.858740551323676 8.51927810007179 -1
6.738178204995496 11.161896330784222 -1
16.388925016592044 3.9565201638347514 1
9.942930583127975 12.459057926682963 -1
14.959829586490507 5.809795835580864 1
12.789077784104794 19.741819432566516 1
14.657637624283922 10.246795637146953 -1
6.242944508369835 6.595013965633065 -1
3.875538411568662 18.782577826931263 1
2.5448080853994215 6.14090739936429 1
14.593496779060445 11.603105484430735 -1
8.52088286427799 13.3877097074361 -1
3.100638169276677 3.720197468383808 1
2.1094122556571793 18.427106954642404 1
8.967697832770936 8.841546356954566 -1
14.982851786313534 16.68113020641867 1
4.951531613584114 8.515666269440816 -1
19.1597962195604 9.948617941920968 1
14.273034064386811 12.729252635639723 -1
19.529473161676208 5.970514779064953 1
9.713059213233926 10.263943739857204 -1
12.03428504874919 3.792441725778537 1
5.917481860348833 7.091672803482247 -1
12.527543708768773 5.95931875463779 -1
10.214840603365552 17.672238667583816 1
6.773340663269272 9.803996936618638 -1
10.392334360521252 17.11368340972293 1
14.493469848467974 2.0160447366142176 1
14.778463671379608 13.008762227253975 -1
6.712893622816294 11.861223239924758 -1
4.115035355467754 17.149755121185542 1
16.735693095622135 19.010048367468855 1
8.531958456130429 4.607538536178399 -1
13.423456777947308 8.428616600932319 -1
5.038307431213469 13.689627867258022 1
16.13384550006944 11.879324365840574 1
10.414227359105766 8.137409793424977 -1
16.005221478083307 6.092031678636958 1
6.562878746378276 6.785544450425807 -1
10.220984680815885 14.249514598740936 -1
3.233355095474404 4.206516939960007 1
2.2208755338306085 15.108735805506033 1
13.649814059428394 7.097108565779169 -1
12.989502039211075 16.578543566949048 1
7.300063308401963 6.246486277162613 -1
6.958588605059801 18.397826843364303 1
5.0177199717120065 9.216360710946887 -1
15.875253486000194 4.315854845987275 1
15.382556889407969 9.526451809482875 -1
2.692186396472671 4.51924801803216 1
4.413447018556484 8.076020418241903 -1
19.742725035232688 15.549117931987544 1
12.13499285551158 5.886021121459269 -1
19.721782813275325 16.91362026251669 1
15.79105147930771 9.682813136724729 -1
11.559664257624744 5.900214278900604 -1
4.0730238915976935 19.594749175309587 1
6.66954667899569 10.020950980287113 -1
2.7923534502674907 15.620896914901818 1
18.23636460726036 7.230206231404297 1
7.328861958041322 14.708046627964888 -1
12.052068133476164 19.93237384987154 1
4.964467177325405 8.118395692514609 -1
6.3795625832604275 17.439532174334776 1
10.51263657987281 10.003718390400673 -1
18.720039411065514 10.671217836405653 1
15.128000894485307 9.545844117855092 -1
7.815259165317611 16.934021771118438 1
11.922250916371178 13.324337951874778 -1
15.141736648215362 5.2093750353424495 1
7.574972760925034 5.357334573427737 -1
9.439947058509684 11.645372845368927 -1
17.498628949771337 4.526352235662867 1
11.90685633117862 18.94025575610087 1
9.287432868802348 8.61313290218672 -1
10.194831752226545 3.948277436590115 1
14.614695785727381 10.891725127426245 -1
0.8915025119589237 17.797399905798116 1
9.331508759011749 15.282882973422344 -1
17.369043753677985 14.083444338362254 1
14.372397382181246 8.60323734943601 -1
1.3814234482800591 18.263677879701653 1
6.950009888658368 5.667755116353062 -1
11.050712811081704 16.604391370152932 1
5.907292151946817 6.817279678513755 -1
18.633635873248885 18.07698530636485 1
14.531987989087105 11.520026863892559 -1
0.7725156935559818 7.143723550976815 1
11.425224707823531 5.981727029993616 -1
10.845040693234928 6.290481500425196 -1
11.519471800430377 19.942858921847037 1
9.46661469483103 13.664756630321197 -1
19.86496385949594 7.54781361040364 1
11.632894365738519 13.670863638316975 -1
10.241651863752878 3.4635769127545823 1
8.233672294504919 16.33806986230805 1
8.170807706796118 10.439133557379032 -1
16.775743424042304 11.31485855046071 1
12.524944354204319 15.00568827950646 -1
4.297591022377574 12.9694671315216 1
8.799803524367844 15.792674677155212 -1
18.004415391135854 0.6032745521814897 1
8.144762935545502 12.654541814652049 -1
13.797883149079226 10.042914319481334 -1
7.063293702777842 16.366445971704763 1
19.16488124508454 11.681725305401837 1
13.48665777361914 12.411783861630772 -1
2.2069309031861706 5.499852967348573 1
15.709133631835911 8.321987162668552 -1
9.539276382433034 2.8358896017692192 1
13.673825729765527 12.176244798353803 -1
8.150835947277265 14.244126381456127 -1
7.774283212026636 0.3223152816040842 1
0.6851886161806031 18.608463758543277 1
7.6929134225005225 9.845114578115874 -1
4.6137275712584085 11.374578935750275 -1
18.649207958840847 19.579852496308593 1
16.260562508894928 7.692923707072266 1
8.789705799087344 8.313307759845339 -1
3.5863490601082626 4.814479856727036 1
8.793542874444624 14.50005384625271 -1
14.520974066121893 1.3977207994758944 1
4.812827855861672 12.789485444526862 -1
3.727023118459787 10.148473894314577 1
6.780644631919555 7.475247719707994 -1
6.557302389927968 8.926568706677948 -1
0.33118833786621726 13.486141261056632 1
2.6062081566052697 8.939472168925844 1
6.491892891277704 7.040224720006565 -1
17.45955007220324 12.312295446473309 1
11.688531450146558 7.898664786109122 -1
7.801041175947841 8.19695855036954 -1
4.0880388154574465 2.8729642275416856 1
18.970936781127815 4.642441976339642 1
9.764699546001642 14.419761179122652 -1
16.85869146092666 17.51805569947164 1
11.604277361935516 6.4476157661666145 -1
10.803055256827408 2.738794413741996 1
11.723944536213294 14.766366436192486 -1
18.766396532386235 12.079445198845761 1
9.420723019795979 10.484626557229928 -1
2.162419771405004 5.390351482790178 1
8.410983657668192 13.120538823785497 -1
11.90332244988021 0.7062388446097412 1
6.079047071455412 11.123698623127662 -1
15.630985208272213 18.238804190460126 1
5.761308752420566 11.681339952438066 -1
11.25977717278446 15.32143792857102 -1
9.648554476009778 15.990070299635551 1
2.669892061515864 19.285854576736007 1
10.92739923758896 15.588241133588337 -1
2.84931217683851 9.631485308310477 1
6.040235338292687 12.875097867846517 -1
18.620985346407114 12.52235550045437 1
12.31561265593192 9.893752714601092 -1
1.0957578757931907 11.858036028751922 1
12.831600274099221 10.020179262688691 -1
15.000128092301155 1.0293902747587813 1
6.367669097546649 14.519839202281632 -1
7.626495637630164 11.175072755122118 -1
17.781316115952833 12.701715792591735 1
18.576179179609426 8.46680935306092 1
14.01229255684812 9.372759087008635 -1
14.201967171789294 16.91519762983458 1
13.632772035620977 12.761103297317007 -1
5.887250136624058 3.1119414656125333 1
10.14640908243188 6.330232480740663 -1
0.24062756020456266 3.1571857145933513 1
9.186334498586984 14.08871373891886 -1
3.0826222717406115 3.357540929234666 1
12.680644984776068 14.312568241288446 -1
4.875989301189301 12.296956417924578 -1
18.33497357884162 10.549000407048208 1
10.185497971635929 10.878213373833612 -1
1.9965202782317748 7.623866145629254 1
5.14796298716057 16.623830117198924 1
14.111432622532305 8.980882247119759 -1
9.717893898373013 13.71324663422287 -1
17.080175805863348 7.346787179427235 1
12.987458986472573 15.841344474640964 1
13.64615619470815 11.932810623233463 -1
10.2353855909063 14.835389453329327 -1
18.034942865955607 9.401873876955545 1
15.673269297935835 12.019317595166918 1
9.053346695050667 14.901771819015279 -1
2.269109200210111 8.49619543188383 1
12.529662718501676 9.732776826985898 -1
8.45304158432506 11.262325909995612 -1
2.9298637619712253 18.771215681457388 1
18.23619402187773 10.224777520413328 1
5.915046745862906 9.014506741329251 -1
9.737733550777033 16.010499776906894 1
11.092391264331603 8.43628010968273 -1
4.078735678281706 6.959164914514786 1
8.458484811666878 14.676226017277404 -1
2.88637750438284 2.9875671995721342 1
6.950443976764424 7.07265989641572 -1
19.22974703140391 0.8523517926432933 1
6.601764034470204 14.454160906261679 -1
9.02114419197262 17.846220966210435 1
9.011693324974782 4.688480973445255 -1
18.720441393979577 11.631002173672094 1
9.511923624498085 7.748217303679117 -1
7.4591587126259995 10.863257673274646 -1
0.23147802656245053 15.439329059226699 1
11.339710487941403 19.983109513422146 1
6.4159717621642915 8.856530452213144 -1
12.036889478627247 18.724620506417086 1
14.827443577148658 6.88600041217339 -1
6.579194706172531 19.286304984833677 1
7.106103830408362 7.4950308484130375 -1
7.34100348725919 13.812094119159994 -1
0.04278104676837202 16.62949353868737 1
2.9672892469267276 19.626086094067325 1
14.150617267172606 11.965298192053105 -1
0.6610697183475267 12.104903858540297 1
10.230374668954221 14.804952082202563 -1
11.578612503434066 17.31331557204328 1
5.841758049088918 8.141606054573518 -1
9.056704863660132 5.718819427674411 -1
4.230069448748617 1.0727864249906371 1
13.6799502152542 4.964457240351425 1
13.024760942338629 10.570870693992129 -1
13.763629355696557 4.522770674826675 1
15.512995279910182 11.5448829249215 -1
6.6661558155550775 13.234095897867507 -1
16.631901073844645 3.8182689355403654 1
18.526080447479853 15.953670147520054 1
4.481033990415522 9.620323020265014 -1
14.827445553356311 14.574962712896596 1
10.907975068061901 8.514277079349963 -1
13.791794993429477 18.709635007091965 1
11.73817485970735 8.799286986048047 -1
10.720941040239767 6.182293903670997 -1
17.747785707935947 7.595314607942454 1
16.908959439931227 3.670286622055514 1
5.5232951028392545 11.945676391805307 -1
15.302422615597578 16.894695084081096 1
9.049125910958157 15.38020833941349 -1
1.2300973293100648 10.969320918395116 1
5.815590624696125 8.12288049668573 -1
11.474550122566145 4.3609989299552465 -1
14.168019411219067 0.3073471582045473 1
14.137260993905851 17.549687811964656 1
5.651155950291866 6.984367877259341 -1
12.65628516528838 12.627451528299577 -1
16.950631612386772 7.0484205242822195 1
12.75153871633144 10.736632074096395 -1
1.2255310364807204 14.898094512706482 1
3.346525717624722 14.274296164778464 1
4.305595480603419 9.001579451781314 -1
17.579611699000015 7.337855677424492 1
7.3501351839713 14.729634660153788 -1
13.376751027720628 14.289497872534033 -1
8.551644635289296 3.5766602717880036 1
1.2120699237107013 9.31547661047379 1
11.32311560809981 5.183242341117797 -1
8.593571228598268 19.099565111783377 1
10.834939025148774 13.045438669054617 -1
11.511645740850705 12.000120611160213 -1
11.990601634841152 16.60582244184351 1
1.2868753609464 16.624513194787344 1
14.546868549426586 8.525058112350994 -1
1.632794795567265 2.2054534311191665 1
4.902563068861186 11.273655486408021 -1
3.273613921077352 13.346202585560182 1
15.438834883572438 7.935732917027356 -1
10.436706685855654 0.729755578553255 1
10.3639580977114 7.03941978965636 -1
19.59151221097808 15.1012186593623 1
10.815116365394958 14.084707428000796 -1
9.2548308949113 4.482038953131074 -1
0.5360143516224491 19.217629826749423 1
13.665505352527914 7.975764021591186 -1
1.8216603101397033 10.858139126370887 1
11.523423708233109 17.79037680610497 1
8.70144082545816 12.26761980438119 -1
5.614625600807881 5.464664646226796 1
5.428224815346323 9.331186962517457 -1
12.13305618526986 14.702458429000524 -1
18.949599804332905 19.805927465089265 1
3.1484281537089576 2.2630900657056507 1
7.24742920198006 13.826791803983058 -1
6.044268386210618 2.595378684561249 1
9.010138944933049 10.840387114697464 -1
12.087189236020567 15.99022986011153 1
12.09855122860964 12.253859663167479 -1
17.76123540502382 2.0830731234995015 1
8.715790369349392 14.679751231340681 -1
12.345441585190216 7.748472594977535 -1
16.046760906333674 14.209940792989247 1
0.40286893435167004 18.905411191499077 1
14.597949163128412 9.906701363850015 -1
12.228713755547677 19.706113624382475 1
9.197356626161785 14.41862855300439 -1
4.777754987632779 14.555231662603312 1
11.86170308236073 15.331459790584193 -1
9.975080589504246 2.458074851124372 1
5.842421519342185 12.894264465583179 -1
8.199297605767747 17.677629966905933 1
8.619981789113108 7.724234166335833 -1
8.113719493492844 13.704558452404612 -1
18.48486546231959 0.32645500713877507 1
2.39470903784901 12.610800980007234 1
6.118468996822381 13.475274245504718 -1
2.1449022426300313 11.789768014509187 1
5.0805397795134155 9.627594705017488 -1
1.2279099285999484 2.664674715976052 1
8.362117225356926 4.389054009806664 -1
15.21143522586369 9.567801279143024 -1
1.2048548527665925 15.377375070015454 1
8.111670988460627 9.977975511721478 -1
13.964976578148711 5.198848095480358 1
3.1048566552790535 9.51184336571372 1
5.276978085986759 13.630687505993993 -1
7.734054783664401 11.112347831928522 -1
15.863854992454483 13.513855954581226 1
19.764730315476402 16.846288381159557 1
13.383712984542848 12.915724132203561 -1
10.954983064789474 2.367660737667563 1
14.270132966568097 9.901414624206044 -1
9.879441346091362 2.424463634574885 1
9.397643743926643 9.164268149874498 -1
13.355793550345247 8.505869548460232 -1
15.38867311584273 0.45175636610526704 1
6.2312438212454495 6.077018472647855 -1
9.849139009586326 19.078073411406066 1
3.2818155120772285 0.7316379620832802 1
14.735840803550605 7.968424222990345 -1
17.10951028849658 7.053848467309669 1
10.445601954627099 11.655063393156091 -1
11.482910706755431 8.402875739255315 -1
3.6240543490237886 13.500672538344636 1
1.3599125310178706 17.894667772670914 1
13.236487315710914 5.436929819026 -1
0.30764376298937357 14.081590844690908 1
14.719886895025791 8.637036387240054 -1
13.965412422001023 4.955107875821048 1
12.041394412977267 7.679035798215807 -1
11.619435454089581 7.922293671805529 -1
1.2268790538805652 0.6761768557285386 1
11.385096414246107 6.834004284315551 -1
1.4400343372256619 16.242239182963193 1
7.124475392974419 9.053540089015993 -1
3.6947250985756797 10.11344721606827 1
16.945327386213346 8.115782298768446 1
10.796619588388687 13.094371483118179 -1
7.532928761004836 2.9514325446838763 1
10.271434627682535 14.58710296189534 -1
17.222479420374583 9.960464930282553 1
14.351738831631032 12.10470175610041 -1
9.523647242116278 17.95342294941364 1
8.84777817187339 14.357281479752679 -1
11.171681580645593 18.628730563295477 1
10.908789996548032 12.513762018593809 -1
10.167154867725847 17.910679590914704 1
4.832772551621513 13.01928388430682 -1
9.259901761580007 16.04735230060662 1
12.07350283012861 6.087218690096421 -1
5.021993250878047 7.650919316617097 -1
7.299882975155043 1.9381753248970468 1
17.504369253713637 5.651245216450875 1
5.541587179280678 12.199676554989614 -1
15.482156556699687 14.878371442865951 1
10.588798034018293 12.305625038238787 -1
13.459425293262836 3.044654865482521 1
13.410110073178338 9.18619875711334 -1
4.5691287113053995 2.322649734535114 1
12.867354270404919 9.735512802417823 -1
4.729157737899444 11.957625916371342 -1
13.413710654725048 3.3583654229390514 1
8.241359009122633 11.156603197801935 -1
14.057686063074716 15.371042392517573 1
7.006351652058333 2.593082607467787 1
13.290501630045926 5.39887614129154 -1
18.903353711120204 15.095836195928209 1
12.238621410974371 9.999071375430542 -1
18.869171785515633 2.8776574075335337 1
14.822853882688767 12.254450362011998 -1
2.6772536724813256 10.404271755558925 1
10.494635809486585 6.6253789331848045 -1
3.326416859047585 11.618203712360502 1
9.590484994832 9.552627181663338 -1
0.3907720119089131 14.622658525048122 1
9.127513156434672 7.426116659314794 -1
16.64996402524361 4.6400013279902215 1
10.885551570185887 7.564778399032964 -1
0.5234558790361521 6.097680583803784 1
6.486498381619395 13.548876299759218 -1
11.905713863460061 17.133646343542416 1
10.408271369904574 11.720284348532735 -1
0.12228856717722669 1.4363897773055156 1
10.964743325818107 7.067336997694582 -1
8.415785080587755 19.903821975996262 1
13.328242030172317 12.347771185952913 -1
5.592383608803242 6.578232749882657 -1
16.62358916791033 6.2869787709105225 1
10.663121504405309 7.860159161640303 -1
13.295762752657227 3.503210643297341 1
16.009610552723164 2.0994851737654874 1
5.729111790060932 14.072858344287608 -1
11.384238658919472 4.533216248008463 -1
18.309842743558814 6.786383033413728 1
16.631085836855963 15.131175072544263 1
10.390474614742335 9.566541576511437 -1
7.036123011582371 19.116614264544346 1
12.902403338025332 14.56490483241807 -1
5.1128165049271 18.982533864897327 1
4.354834525568039 9.183614161611505 -1
7.15142854990368 15.327091549665244 1
14.496217798992495 12.252521200661244 -1
1.5227972570959225 13.000490948825734 1
11.774378584211647 4.55571136164461 -1
6.600141002946954 19.302789293258 1
11.96315505761065 10.743830243500724 -1
15.476752488664726 10.636388533555344 -1
19.29429679398965 11.421503135292173 1
9.304287765927784 0.6084302435338884 1
9.485666217558268 11.857919331508903 -1
7.870387900789655 4.854685319352017 -1
19.507136131441545 18.26727604273421 1
12.057579087101054 2.8604153479301497 1
14.485309747795469 7.681133006263319 -1
14.363220318737469 13.449268105224672 -1
1.4027609519447415 6.19239174850888 1
10.89210633799469 5.46765766244492 -1
7.548214025034763 18.381911869208643 1
2.601680316555126 1.2717576649183826 1
12.606509591548619 15.062085951998673 -1
3.692616823327164 12.744673796171579 1
13.126360616928118 13.578423299908835 -1
8.943686613282072 2.279937839330195 1
14.391559230337425 6.546533924497431 -1
10.723341896656663 7.190091184434781 -1
2.0188509067378746 11.904215966961454 1
9.172893888361342 5.388116552695605 -1
2.7531031941629447 13.039709659104663 1
7.158266652338947 17.43454791413958 1
11.637855715720972 9.129795221715176 -1
2.6486537250694164 1.5808396486689746 1
10.09995081647361 7.652010526087136 -1
10.254222300911351 15.362842482366165 -1
6.639966612205566 1.084789626860081 1
6.471268612775609 14.03421934248627 -1
4.192426068910205 11.95685040139469 1
5.889237954708366 7.572105106246799 -1
14.218835114833757 4.104446438811678 1
7.537686241816674 14.055177115781483 -1
2.2039259667616085 7.561268566667712 1
1.6973803245391395 17.626718712504957 1
4.773354268009557 7.1525302102124 -1
19.829146370140364 19.27814033790446 1
5.968209122282582 12.307292164389299 -1
6.877836506443016 1.7131526981066059 1
4.478342582530306 9.969082079008961 -1
16.873812826767583 9.041706211733352 1
14.254131333487424 12.554215055329882 -1
12.504057597650785 6.0196065750771695 -1
0.015371542317232922 11.349389557146507 1
19.481025156672978 11.761529550761134 1
6.156357264601386 13.460120453204262 -1
16.1381836968783 0.754135296731151 1
11.595291136841732 14.614121649547032 -1
8.368399151545136 2.127808740219066 1
7.424319740579768 5.1159401289045885 -1
7.304366325177067 6.093536605504055 -1
6.693024495211601 4.134189166464313 1
18.393097173142074 3.301420164603046 1
12.098848420108384 14.988591085918666 -1
12.319071945566687 1.9907582929807388 1
9.777850863816553 8.58227549664711 -1
10.753483353485889 18.442238268192625 1
10.711370980848905 12.497497659460988 -1
7.135917042424134 1.1388003229509969 1
8.926536570659337 10.213990545851388 -1
9.187660933967406 12.621923253038181 -1
5.750424120335859 0.4866500611785929 1
14.684221729170492 4.92352326434183 1
5.007873883314733 7.359772342669366 -1
15.23620916011672 5.672322585577366 1
12.774462936321136 14.65832832710684 -1
8.479184347864642 2.9132514760616557 1
10.656969330001465 8.437200424402668 -1
17.29290160025586 13.65462548731686 1
7.06878892637156 7.392937223849136 -1
18.75622125996794 11.779439151951435 1
4.943896449133116 11.589193745900229 -1
11.32093823433767 13.980810090922082 -1
14.814626529024862 3.2433431433986093 1
5.837053323768435 2.154947339494111 1
13.174948787221314 11.979412233183037 -1
3.7597844394226554 13.535947197814895 1
6.2028230829252955 8.318297745615016 -1
1.7143591622767018 1.9045739715398136 1
9.485882804382994 5.400756645463214 -1
12.22732190920061 1.024772188103713 1
13.427020622309044 5.265274223141989 -1
11.009215517558971 18.00243981267978 1
9.657687920773796 9.406993851051258 -1
12.71896545539089 13.838337895805147 -1
11.738293491838558 18.422497442330908 1
1.3774064427401833 8.623707436849582 1
14.741711563653388 12.189415207174415 -1
14.192715415204251 10.384255300112182 -1
2.7377721268680233 17.817033529507277 1
4.678121658089738 17.761924260459885 1
12.739380911586629 12.782154371703367 -1
18.579830402392943 11.293836924909652 1
9.326284305868203 9.743654362830878 -1
11.222735141018244 6.7852630617599985 -1
3.135622671883218 15.810077009271456 1
0.6715419571172232 0.9362883374966646 1
14.899473255207747 9.869844662061348 -1
9.276238759395461 2.885977378920499 1
13.059200044687714 8.871095014546517 -1
19.093761086797336 15.377518687967097 1
7.168460538131878 13.330187903051199 -1
16.55632633214583 5.815502151896097 1
8.291772515979229 13.827691417434739 -1
15.175166248536021 19.71048700918686 1
10.155664107919907 12.166379713570446 -1
9.016134906096546 12.900386790563058 -1
7.799531543354405 0.23376450699082785 1
17.112170643413354 8.606697407586815 1
4.2658509105757965 9.534964055782002 -1
7.55659198868832 12.990007488825128 -1
7.197170860379107 19.31237217852726 1
14.472793943142662 13.121576300243955 -1
5.407946790913039 16.80747849032962 1
9.803128237419063 2.8008630930781986 1
4.542254647895351 8.701285713423307 -1
0.4645022182525471 11.764880803849426 1
7.780671053808545 13.793966629249631 -1
15.83777014247946 7.893316846068745 1
4.278778920355045 10.877763518089553 -1
16.004042974056926 16.72625816091752 1
11.420905127723726 5.512139596707302 -1
2.640885274306355 13.399643167362568 1
13.458360540335079 7.792695919026855 -1
19.163190559743278 5.195142130711092 1
5.644691524207115 7.106026857877166 -1
0.9947704057536977 14.201080545063753 1
13.306316935917113 10.427131856754412 -1
4.375093953254206 5.83688697333713 1
4.702111274933893 12.037705978446438 -1
15.118465865736832 10.725175310374311 -1
2.503309344782585 1.5208995971767014 1
18.165595974432563 5.35580220893033 1
10.221581919958984 4.54668517995805 -1
9.704107438005822 19.877912907934153 1
6.866234858711763 7.127153564133497 -1
19.724167157608424 0.9435054917751895 1
10.877451636991468 13.152618083897307 -1
13.120086292430319 10.081226339161054 -1
3.2346738829835697 10.45049967478237 1
18.963566725881023 8.147608742991515 1
8.514044367554575 11.3062674479092 -1
19.35206516569342 10.300546533244848 1
9.585773243408875 6.31905248318668 -1
16.03284078803332 9.847388582745708 1
11.403266748610285 12.58512225362536 -1
6.872116065121345 14.837164311520086 -1
19.037896043595882 14.730388956876862 1
10.806728337512242 8.224509448047234 -1
16.749954911088636 8.676975186626414 1
12.106813591159549 9.285453043396977 -1
16.12409156909556 9.761000868783583 1
16.216435660217858 18.55586628259102 1
6.709093502998331 8.266749604316693 -1
4.231349851887918 3.105569738739027 1
9.858891821957013 7.0075140368325535 -1
13.920810260819614 16.29726442661456 1
8.981231234185906 12.712852618209167 -1
4.956815690585305 19.290055881570623 1
9.84483759057061 5.709965829931695 -1
5.296837928354384 16.096958164017266 1
8.702651161646589 7.2743911520130355 -1
3.254689741679453 18.144100457538883 1
11.526374201038081 5.274459417443511 -1
10.466737356825082 0.5837663262092541 1
9.823025925646686 12.009863605955227 -1
10.584572049723276 17.29325336000096 1
8.402974027741397 12.215413618675903 -1
2.2805289492004244 1.4609841815906144 1
11.010172060548689 9.06182089759444 -1
8.835262697506089 9.215694813890995 -1
2.8176739946861296 11.019621171073371 1
6.677888202431266 9.717604889140993 -1
14.830300129870547 3.793413778301613 1
7.6525867158740475 8.440845599639676 -1
17.394649519386675 14.462142331260798 1
17.34601461973048 4.179279176173292 1
8.184896125949255 12.286171675930582 -1
12.639170328926578 9.196590313582906 -1
16.508143596611934 8.501880970890532 1
5.409349623535011 6.6205608192318515 -1
17.202990612828245 11.019752698944668 1
6.564163119267359 14.521779418284362 -1
6.946591526051096 17.31874786024758 1
9.490824121146611 1.7707103782703837 1
9.67495814365517 4.418202180538171 -1
11.401686464960203 17.689531458516154 1
5.538155427750791 9.943196119097815 -1
14.469586845786473 5.784744311028538 1
9.161856956950803 4.611994387265279 -1
13.477508211209807 4.560576591056358 1
14.672248332618643 11.837419812109523 -1
4.216025298474704 13.6911626281248 1
13.682338136233659 7.4130487469949085 -1
11.669285273463643 6.9565750271453535 -1
17.812764274323072 12.852529821891656 1
17.52498809442054 2.3771390393651903 1
13.32414305513391 12.933863303976041 -1
10.257123934975096 7.2218643372174185 -1
16.16731459500442 16.89599641147174 1
14.093560277390605 1.4813109114297096 1
9.60472792438181 14.935138369147143 -1
1.1566285838152313 10.933591485135354 1
10.468291659810966 11.630689530912978 -1
0.23199019355317096 15.156575061673648 1
12.405199939603499 9.79257503053402 -1
5.693414025065737 17.31035547517517 1
10.781350411843215 12.91575645382065 -1
17.81353069803795 2.338329965749111 1
13.330093758834673 13.215311753652223 -1
13.494720126361317 11.601516411871591 -1
3.406523817457552 17.60335810198235 1
4.666753637388079 0.7506850307870216 1
6.298636714809149 13.626486658809418 -1
4.623494557379604 5.817132151340701 1
15.265454046707594 7.620961951424803 -1
5.896838328686849 1.9588412065061478 1
12.165223906542572 7.410276443775851 -1
5.176251233138023 3.0316825756236243 1
11.503505751210415 8.344912341745314 -1
16.838869803425908 0.4905637897832382 1
10.07762630109635 11.376125648840098 -1
18.879128677660372 15.608668784234416 1
11.519195557037687 7.46208510931877 -1
12.553442965339359 7.769267121774974 -1
3.14960999435262 3.954683004730737 1
10.226253161188835 14.043195861462983 -1
0.6748436869450636 12.682167398623115 1
10.301797258118262 8.870039543857137 -1
3.533337820986895 9.288388863639536 1
10.21470730712011 8.984352508082154 -1
13.783329962781593 18.062604878614724 1
19.642428456489924 4.2351894741671785 1
8.590416875378335 6.347268167331952 -1
0.04548776389018183 1.562638999321213 1
12.260005702357175 15.114208515389922 -1
13.73928730440369 18.345881793287056 1
11.180508663561904 8.459432632615867 -1
6.8176979117137915 9.72222833033026 -1
3.8621768917874566 3.4320417405915515 1
0.5262683885331021 5.752587455330178 1
13.884419746653581 10.652905617148768 -1
8.821463760127653 19.786134764433164 1
14.016081172279705 11.908230015137315 -1
13.667498290169162 6.211897961609223 -1
2.3338922493348235 3.6695096970538676 1
10.093789265165414 1.3787472030906223 1
5.315339766691447 10.048335754073442 -1
0.3834391341605903 5.660656305717071 1
5.554951211245742 6.133272418472584 -1
19.820828017035538 16.437395784752052 1
5.80068001703407 6.341453562778872 -1
5.365471979375094 7.768445355703881 -1
7.872110186311298 4.277556181075807 1
18.807947220558873 8.782945178115668 1
8.49066250193108 14.951138350966795 -1
4.136510298958502 18.408453169383037 1
9.745265376593835 15.988243883345932 -1
3.7104647155099735 1.386890349503831 1
13.365371601326535 8.974627269112451 -1
16.867245475003163 18.75980323037934 1
9.00093997545447 6.632638913255442 -1
1.8790394355641737 4.068602238956149 1
14.695301923786857 6.629375913296293 -1
15.587561425781807 13.030452591880461 1
8.2708882145562 9.997119513555031 -1
1.0131626423429063 13.502036934396877 1
12.419433443269838 14.70353227873423 -1
0.5620822333755693 5.310143485929643 1
6.40139011233228 7.764667550881777 -1
3.771797831502861 6.569867967440413 1
9.357730344102384 13.44851129625699 -1
3.6750389469936873 7.929313263728329 1
11.404982443083595 8.046834456741628 -1
15.105344756273842 5.209146371124032 1
9.150606500957734 10.638458219833534 -1
2.323397242466241 13.606608319198656 1
11.414677632461647 15.522388679164427 -1
19.851628668419565 13.778547064369187 1
13.553317263270287 12.729365599816045 -1
7.024409172022419 11.824029360354311 -1
2.4121305538839644 2.472562477035314 1
13.951320118636797 17.092523573579925 1
12.320440937798567 8.815108693632043 -1
17.945859746628454 8.619723888861213 1
13.278832928769383 12.418356119307237 -1
10.720114008210933 10.689055470819856 -1
10.707917161846714 2.018433516594109 1
8.44888525954742 9.927717808960974 -1
1.765812460058389 0.9026014259177395 1
17.80310622368046 19.14247678979569 1
4.587668593885661 8.489218034482196 -1
6.097255634866945 5.232416273074623 1
13.515351346133519 9.51773992329011 -1
7.783113924835194 9.343724431829214 -1
5.455024403438548 15.28945269417566 1
7.977164275900859 5.431887640120065 -1
11.869977486318808 2.2126881696843648 1
5.762756967772469 14.239407710888363 -1
0.23325493618991056 4.148514692850258 1
4.168552416992412 16.182736923857924 1
14.278194366480095 8.626430226620915 -1
4.367549507578965 6.5700123944892 1
13.166556155676744 12.422952389642703 -1
16.262992575976117 1.7226349968828347 1
9.665470541225456 7.818599839950693 -1
2.893983219192946 6.99667386876297 1
15.397037521979911 7.871813494788169 -1
7.408369337937524 18.669583587636254 1
15.02959495912126 10.68962505250703 -1
18.173529898647487 7.280470811793098 1
12.449199823222985 9.814132443865123 -1
11.241562442936834 1.6185182103188933 1
12.066431207394238 10.690575467879393 -1
8.521190978920803 14.479449274017393 -1
8.405166801169674 15.923474944380791 1
0.4937671875997385 13.01070723309424 1
7.242273549152333 8.4742726752955 -1
11.362126070045488 16.456824048101776 1
5.1723174197203985 9.296636451504307 -1
17.17350235108532 5.515240615252839 1
15.626812647582867 8.395243850908994 -1
8.530371382140846 8.138801539243639 -1
0.644568334683171 8.473296601439792 1
6.240536693425476 15.368627910377908 1
7.121063683877866 11.959195212419926 -1
7.503225409344491 10.103670337365717 -1
4.692881524651529 18.62704550276899 1
12.082522473654148 12.0254560879572 -1
8.471562839011256 1.4026382041496532 1
1.0718245350366162 3.4873306858744413 1
7.902896453308498 9.10392303669413 -1
19.828412119196926 6.719864927667311 1
13.263653521706614 8.089185632379948 -1
9.445385579021844 12.651529193252692 -1
16.210862945072005 18.077337818226702 1
7.9374476400458445 9.746615217146568 -1
1.6064829586303953 13.977193428687578 1
10.857636843095317 17.98695781913834 1
11.256778343068019 13.466524288532051 -1
5.250437211401011 19.18404410341498 1
6.422545962616402 8.05849351170432 -1
3.607467048587687 18.489300986577064 1
13.37572990234796 11.939635347666016 -1
1.8697547872731168 4.3586554938353945 1
10.002115255347814 5.022689775886611 -1
1.298845211779882 6.3728875227806565 1
11.752622968006161 6.164470038353098 -1
14.40055548708475 12.780426024071401 -1
8.19971753846964 2.0066660802390723 1
13.622899461126373 16.945382637649903 1
8.822989477475785 14.845904232056524 -1
18.487154931100783 2.7598522196374264 1
13.622213104379728 11.168907234544971 -1
16.7704815000793 18.540732653150233 1
10.56780160894027 10.891629100076878 -1
3.2428598724721036 12.632902307169811 1
12.715397702496603 14.207834306453076 -1
14.481657811428349 1.6163321684804677 1
12.472061719911437 14.194554063193221 -1
12.235011708824226 7.5100325877390794 -1
18.34962094830916 10.083678001839349 1
1.8116309601869562 13.873661074544536 1
13.290486085045538 5.7144612428329005 -1
9.551744750394903 15.0807503344584 -1
3.3620694805753937 4.756221935637333 1
10.100379619675536 12.05936434921192 -1
15.200690582324391 3.3368036962158376 1
16.81690865426082 18.525477893607306 1
11.27695735354096 6.382532403082628 -1
15.855536236795785 10.384227116272557 -1
14.351546204581068 0.2593365819825455 1
17.82889486848987 13.210308887551182 1
11.217801294106735 8.642650550816393 -1
16.696554929074857 14.77213990301173 1
11.437330738666937 12.904052914605764 -1
13.667670962769055 12.177693552883841 -1
7.46453376132977 1.9087550846914847 1
10.918108904995973 7.0709332934397455 -1
3.555222348978624 12.105994107215102 1
1.9062648315529973 11.522281102014613 1
12.324035017513587 5.376604568993983 -1
13.365683408791435 3.217109913445213 1
8.742209359639988 14.40266219495438 -1
18.11548371617837 13.179120609556453 1
13.55311449397918 8.303761903965047 -1
0.26362025682745927 0.09881885799526202 1
7.941529674674824 4.373255130241871 -1
14.932655956193885 10.249120835810094 -1
5.425907200046341 16.017245755386202 1
18.06023986953307 10.571527793456784 1
5.369491792753108 6.778825758898373 -1
5.205432582670497 6.909880180075341 -1
6.851747066794653 17.35460170310737 1
15.287838973516106 8.197722386820182 -1
17.148638306274307 14.597024908953447 1
5.6817045318738675 1.18693467465258 1
9.5905834411722 15.197481908206885 -1
7.653016813124913 9.19377298859902 -1
2.1698574784581948 12.622427777631202 1
1.0977992312379592 11.985761931720143 1
8.09570820584716 12.955615075466715 -1
2.8536440399638696 9.761714689161614 1
11.542173139756034 7.126873268325555 -1
12.5577853005315 10.619725220632297 -1
19.580051441159828 0.7161854600898288 1
6.859221296458838 12.848995713602786 -1
1.6248451279696008 14.192604140364777 1
19.65612803494138 17.296278081285884 1
10.221698238747505 12.785092092132963 -1
9.402746366931945 9.739225640464554 -1
17.646872182263582 14.907781743617619 1
5.608601825691222 5.5082962104871 1
8.117962374483959 15.607488255049454 -1
19.84501098329224 15.447634287681122 1
10.925074494672526 12.539731124016447 -1
12.614751925828543 17.602792903777978 1
6.270460970096492 13.183152594401037 -1
0.953442187240805 5.888094016005551 1
14.119605667232005 7.394984798336594 -1
14.26506431826833 10.143276228403375 -1
5.054188342843522 6.437702914890884 1
1.0347475887677127 18.95454138799162 1
7.0381484775098 5.489132277662135 -1
7.950090292347034 1.5811111130036237 1
13.11676234518244 7.283618915291021 -1
3.656221106732218 6.29772282109732 1
13.178882902558982 12.106040334741747 -1
19.008000167242436 17.82085031008313 1
10.098211365009846 7.997535895476641 -1
5.255362067314566 4.110935969959016 1
7.078599851628997 8.372046958157826 -1
15.49243067403144 1.456907051251477 1
13.794289274143484 6.2886897728581275 -1
11.499832721257931 13.079110116536242 -1
0.06417135252515305 19.409697662828556 1
12.32583381641973 4.464815424330411 1
10.33593938499112 14.393007203907862 -1
19.235196328393272 12.873924589892539 1
5.7073505081480835 6.818220333944263 -1
6.543933701169291 3.1120237455615873 1
5.583179080589533 6.527618401816612 -1
13.175831957343993 6.280982532492876 -1
17.230492973832938 8.242738764146608 1
2.322230767626914 1.8600230533981277 1
7.901330974593225 13.83501660215307 -1
0.7667028418118993 17.383043674524824 1
5.843681468825479 10.826175445830515 -1
16.891556079419807 7.223947172481293 1
14.113292697227084 14.141751135482348 -1
14.872224975005357 7.549063491877779 -1
8.217620792219334 19.915924089070828 1
10.594994308098824 8.017602325332726 -1
4.213783131860909 12.5406154995906 1
6.040536350714579 10.18385423310032 -1
5.469604976978588 14.244138743008419 1
13.898069956828103 14.249328245488769 -1
18.127564246467397 17.899588959064378 1
19.384051875165696 7.983010911973755 1
10.943412052524184 11.97126830241869 -1
6.383614836788841 19.743605719662355 1
10.420401891452322 7.436155551646659 -1
18.400282609174894 17.914243575107566 1
7.730792249257603 11.208538895889076 -1
2.971698943830805 10.701003057613857 1
13.216218165330309 12.84060322968445 -1
2.9258622661312184 18.502378196673007 1
6.20364236408548 14.070416649472786 -1
10.235512492067151 5.9063249475837365 -1
19.035830004046737 17.608906330633957 1
11.66273068076489 3.181666652720525 1
13.939682768875947 5.788047881215219 -1
9.361315631930221 4.297618222486008 -1
2.462911615998664 7.22161024705618 1
0.4728088296832378 18.46131086977943 1
12.429528709296191 8.741005363026048 -1
4.088305151521365 12.582693887809079 1
7.815650362436941 4.751755531279724 -1
5.968474013483394 19.213854266275966 1
5.752122744753438 14.184394646396367 -1
6.9026457488543835 9.371997353559241 -1
5.289460414548253 19.930507807332393 1
18.29555321227908 1.6900170932302427 1
14.042333923608382 6.686265176301043 -1
3.67432648906735 1.0264139991177612 1
10.296386958834443 9.564235898766437 -1
7.7666752215466195 8.442013625919024 -1
2.3369730519975462 17.038266011432935 1
17.117890318408072 8.321196474172535 1
11.075865371617477 12.399132813192388 -1
5.44076655822759 13.490503025090696 -1
18.932903536747403 9.734653701505948 1
5.267973131245338 13.777472122027863 1
9.080934387226412 13.003974371531175 -1
0.6466251105765952 2.60020633303526 1
8.756533561802843 4.9505548324153 -1
4.8565527041097685 9.73568985030083 -1
7.334193539134503 0.3543409266765374 1
7.6572595884370305 16.433858594365926 1
12.04322176035571 7.519706481946353 -1
14.506771471027214 2.255464996647638 1
7.525851990454145 10.830039297867927 -1
19.06077242758476 4.345381087687787 1
5.5971696450518245 9.86262665074942 -1
13.155961665280646 19.83496778564144 1
9.410607913949114 5.0288027336664065 -1
9.829885762514415 16.55193579876465 1
7.085068241080277 10.508306648730857 -1
12.615438786627518 10.75344644992034 -1
16.88093216492645 4.760973514722671 1
0.8964828203263298 15.684858025406918 1
15.107245260978372 11.177563559495239 -1
1.551699985606454 6.323422868300055 1
13.778717676321401 13.374095848967668 -1
12.007874871079016 16.28051519881835 1
6.61845454295279 7.053502846187016 -1
2.406390792819091 14.839978494472224 1
6.256736348036487 9.403649611817704 -1
12.536094648959747 11.586990400880827 -1
18.3277046950452 11.211104211474588 1
18.76152971244931 12.193739938859757 1
13.790005555355693 11.850313693653876 -1
13.094717132074358 10.578555961285437 -1
16.942060742011634 6.105070285485099 1
5.500923865793674 8.144794877214515 -1
1.87923794399794 14.385334197460462 1
19.074098097145338 16.444514387954097 1
14.842082836708556 11.017236256390081 -1
0.5138851254938648 13.272283809585035 1
11.08122058528238 5.381769872059885 -1
16.469440644593966 16.95980216951396 1
7.468514692247443 5.866131906228178 -1
5.142979397448 14.648814280972948 1
11.116385178892592 4.807886919680224 -1
0.38497497799183433 5.736329118564585 1
9.254800571571502 12.841639920219997 -1
19.07956731255018 13.439498948590863 1
10.859353938049646 9.85011278216035 -1
0.45555436624082457 10.848343136596894 1
13.75742138816456 13.563985186712273 -1
6.764174041492746 2.4077135193168875 1
12.375374619218476 6.71102504451734 -1
0.7738573876113719 2.733514887345032 1
12.508158139515109 13.235450499467994 -1
7.568132346457917 6.916106045864248 -1
17.705705641521313 16.990926588645014 1
16.124410923031892 6.46981511066538 1
14.950154036889064 8.979819496084378 -1
3.701104063249361 13.41340193727242 1
12.050415983956004 8.24662075991801 -1
19.43893443011513 12.766741791262529 1
5.685534861587403 9.490493331461256 -1
11.187487309993639 7.907119136364589 -1
16.280508270078418 15.88525267923146 1
12.704836002556627 16.48428756148057 1
7.4565702682629915 8.266100135912108 -1
13.480843699357706 10.771590783549483 -1
2.552043771230952 2.5672646620972595 1
10.183973214466418 6.931630866967497 -1
17.723256162697716 3.024661949461549 1
2.420685346139122 9.533386526967815 1
13.990377310974987 10.657688175329763 -1
10.115323392995169 2.575701946434583 1
7.088106537824677 10.148787405645303 -1
8.127215054629088 6.845301146399148 -1
18.491223255397543 6.40819377004097 1
13.349552557118006 11.131894483501277 -1
15.21640043182835 19.434787310435247 1
3.248464891406706 2.1230991545490685 1
9.420359780932888 14.065935579088038 -1
13.376527916285003 10.926210436878787 -1
6.359252227122337 19.667288727397132 1
19.154486621702993 14.128857433470445 1
11.009279632673696 6.95834400833202 -1
15.129324497100454 17.203085534036845 1
8.510244259693247 10.264837464195956 -1
11.939770519258328 1.015217779197124 1
15.429725407965103 9.828868596999435 -1
2.4341958791748475 19.24991429291619 1
10.528903812153406 7.391613275239064 -1
1.4695387347575561 11.424312462445833 1
10.801454256261017 5.496749092747963 -1
14.820163710312535 5.195281282564204 1
10.198347006836691 14.258529862224506 -1
19.881337964992234 9.582256717548018 1
10.277086897330651 5.518091354940761 -1
14.025650597101102 1.5552859198989788 1
7.920037919977913 9.090557524274319 -1
4.565623884446072 16.14510182698193 1
10.855785536361465 14.567609614679673 -1
6.427251078672807 8.893377397156435 -1
17.07118583563775 13.08397300963402 1
19.153586065805612 1.0913754142682563 1
13.967948767932775 9.693542972788467 -1
18.47886353896064 3.9097191917980356 1
10.381481126094577 13.537013741150915 -1
4.089751453869537 2.9072770334658182 1
4.656170165041782 10.955788938272583 -1
1.6752561845291813 9.924772395410695 1
4.970303643772118 7.509825491137003 -1
11.677927844839463 13.962789583724184 -1
10.795430042984558 16.191096327664475 1
14.522292909963975 18.777922447465123 1
9.834431798461301 13.09344976822095 -1
13.533375322893622 10.769593752360615 -1
5.168221239279092 14.48562812851933 1
15.36822426437668 16.89327592397487 1
9.91977934551057 11.631096534344714 -1
7.593918270444398 2.5610172267456277 1
7.497243384994025 13.154963773504605 -1
12.21804584078484 6.930583690485963 -1
17.60712261465606 15.91114532278857 1
15.755760125470548 2.1815586466453407 1
8.318455267856182 14.913594730284192 -1
17.89289960820407 3.6640464735982214 1
9.511506106631005 11.617746552718158 -1
13.34113901374305 14.180150973881734 -1
10.328061099630627 18.638466172876544 1
6.36620935625529 1.3521853245987625 1
9.2457871292467 11.115525989074735 -1
1.6763165517233336 9.92154513442279 1
14.755741439618886 6.905153977971306 -1
3.039244526480529 17.01868893208797 1
5.60514839339286 8.236996972051402 -1
15.86226158886018 8.216716084682984 1
11.136701844811089 9.03645391413801 -1
0.07704473635049558 19.70662832327562 1
14.685104634343585 7.5736563031755555 -1
4.057057282507794 10.403210574545195 -1
6.631167036997159 2.673891557699506 1
12.781468930638201 6.447466363434993 -1
16.546167580523935 13.736850649713158 1
11.832151708203577 5.6785477347833435 -1
1.6041625291456985 8.634248018672658 1
5.540870775787927 12.043582157736974 -1
1.133121178844061 6.837978617964849 1
10.066786592856607 4.5495313508057205 -1
2.18503223929724 4.3397659380211095 1
3.828609463803485 16.669724591820017 1
6.775306948304025 13.629206414856652 -1
15.434790477795064 15.29254552451521 1
8.943026769795345 9.544802163685691 -1
1.7795755285408577 1.0898755579589237 1
4.764796714327028 11.060017402916515 -1
7.853449972302496 10.959998251685992 -1
6.618827425133258 4.7170919993268505 1
14.594190963586083 16.662991785493464 1
14.524492121318772 10.152894305202958 -1
18.89995604383349 17.798500891350248 1
10.207440343870566 8.252510409676344 -1
13.119176130198653 2.3112835433915113 1
7.5072245509650575 6.307176549754994 -1
7.041916898302101 5.0548807756913465 -1
9.001916708528883 3.5012183383205464 1
6.864867308046327 2.850845654041876 1
9.15409450595742 12.190400745877465 -1
17.924571789148544 11.799882969464498 1
8.58761614786131 7.406074430261793 -1
11.774044491907045 6.559073120449456 -1
3.481858036038934 15.01904083972246 1
3.9443367422919673 15.556690379070297 1
12.01870875239907 12.801341291236595 -1
15.157815911945054 1.5729401992068959 1
4.362491853930361 9.261799497504693 -1
15.329316716034596 13.157648090651593 1
10.896465831971117 10.012088284653608 -1
18.477989677922896 17.97743595978814 1
7.427969036592293 8.540789659424604 -1
19.953461858844236 6.048416264406717 1
15.306575296608607 7.821095898873745 -1
5.8867646727947065 7.1585439826554005 -1
18.907348924929813 7.412896384360095 1
9.906094785154256 17.782467249760202 1
13.602089106542824 7.972500559784255 -1
17.618895747592383 12.70871745849945 1
7.2504114117350005 10.662719263073734 -1
12.895606673776447 17.141633068492737 1
8.207221013223139 15.374930867937755 -1
16.279575724435166 9.009145007358555 1
13.53027961228512 10.620550555242247 -1
14.854204463773392 11.10073118325018 -1
19.345123993919213 6.050315873757213 1
3.281872567700246 19.580197990647626 1
9.61988593465875 8.679670141739084 -1
5.275152329314343 6.93521653022821 -1
17.149846566250588 7.352635833802557 1
8.609130659558295 7.645316670308649 -1
11.562993958881034 19.736105112930552 1
6.105648545094171 9.836965828572271 -1
19.481358827671354 11.472662339752514 1
15.61815431701268 6.112263521331601 1
7.243474302563994 5.207381643234587 -1
10.569125330309424 17.11080657203015 1
12.273485031986047 9.594075504218155 -1
16.46599094029825 19.950338851020245 1
8.924384188886274 6.676423790338955 -1
0.3558331887554633 7.358536153301816 1
11.228980583559988 6.6071550350710595 -1
13.434910114148945 19.498902905214308 1
10.444532977367242 15.885979804464744 -1
2.4465126735563913 12.356892846864053 1
10.224046332473392 4.45783072658275 -1
7.4773288906953645 0.19907030149968197 1
15.204268810672035 9.781680531113832 -1
15.588736881879608 15.332737931275119 1
15.774859316164138 11.38256632112146 -1
10.792952142122019 13.304284773311291 -1
13.612576252153366 19.55645172801596 1
13.22954853119078 11.154915303502031 -1
17.579155272964236 4.893855863019492 1
19.251135514000143 13.513693587078324 1
12.95227541977112 5.999357975031683 -1
2.8189728677542147 8.567361243048342 1
6.168453541091128 11.25147100209479 -1
17.178470428057196 2.8520246945679384 1
10.592786092621992 13.897314379801333 -1
8.2476155818817 8.519428447465566 -1
2.7149758135607427 0.9089942432290665 1
13.452497392073045 16.91725231464933 1
13.578142518309535 5.554848683018654 -1
1.0487980277768827 6.185284188692748 1
5.698316690098846 6.626105308149599 -1
11.50325157983296 16.151388543445407 1
10.273026184858347 11.21099307392004 -1
15.483911500888112 13.67574066436769 1
8.872461796184146 11.870193582042354 -1
3.3505927870246155 13.879388731059523 1
9.590171785846454 8.919720863678036 -1
12.409727430590895 14.748027110224992 -1
3.9336269617947495 10.191332328231205 1
10.231550478630728 6.823763178775026 -1
18.323366050845287 7.207539375460907 1
12.25825554187634 1.8269697361932935 1
8.208308525034573 14.788834327244047 -1
14.035160323933802 13.24961094459377 -1
0.5105589538840816 17.63566018099673 1
4.3797256803907665 9.877864229511005 -1
16.11451901007738 13.093825323431467 1
0.26998140618077926 11.020478678218282 1
11.70337201489631 10.452830473636805 -1
7.922273786723286 18.9443219585424 1
8.101445348919764 6.021534109342324 -1
15.277324966772088 17.46419692376632 1
10.840101587225757 13.248439278508306 -1
0.42139351452406437 2.163301841601022 1
15.072794589830265 11.367444001111803 -1
19.872753667128883 3.847349571506744 1
5.4751801676364975 10.659015701036465 -1
10.045961029112025 17.631462782095117 1
7.147488237641517 10.911998765828276 -1
2.740433754914362 1.1838378551264084 1
13.891821397104078 8.244030655990791 -1
14.273964712058563 4.148870770859039 1
10.58895604881284 11.163033386014366 -1
6.108310164686239 9.902383486587619 -1
11.839720751323572 16.516144528186555 1
18.33092305310749 10.332542545902974 1
10.428800211905747 11.654451260319686 -1
11.889759272111238 16.839415368186675 1
8.450476072189836 12.229672200677584 -1
1.1836295555697895 4.2419575721374025 1
15.56767834635548 10.73811430111524 -1
4.242422449935206 4.480466677537551 1
13.819266001295428 12.081856507906174 -1
9.931993059783679 14.0123333484493 -1
1.9516399299703258 7.608888430743706 1
11.933472401460449 2.058472395448989 1
13.976258388994545 10.529196599631101 -1
14.204538788031623 10.312779975237234 -1
5.098248215711214 15.084117414885299 1
18.915034493465196 16.974337436618224 1
5.040216888513765 10.958233001605677 -1
9.918012829832502 14.834811035836054 -1
7.346303348223535 17.381133615924643 1
5.731344038683346 3.8907005616996293 1
6.088901919144922 6.137606128654776 -1
17.62052331836586 10.102230624821956 1
4.9350674951969165 10.782603300718597 -1
2.056661858995532 6.7997465040661265 1
6.114298362668052 8.266784279186679 -1
18.61169215343668 3.382356102610651 1
14.088570442206674 7.467551162048293 -1
6.068437009625511 3.900861122222843 1
15.649436266543951 8.130755025923978 -1
3.003059546124145 18.46296862175851 1
6.945587158436579 9.494218200266245 -1
14.035533665532423 13.367522863478898 -1
2.4789333074477105 9.387182417884603 1
14.480329554587552 0.6414103693580375 1
4.654739970737949 9.099287253152223 -1
17.41841693699429 5.030409565222696 1
12.9309834106152 5.321093341456866 -1
3.4635109366930306 19.670839815109385 1
14.630187735122043 8.12377465079769 -1
18.773557836956563 18.148554337004462 1
5.842859267086064 7.670062711688852 -1
15.410037088001102 1.8235267726943705 1
5.5516284861429055 11.457038207554096 -1
12.59971563456209 1.5765968362569316 1
10.320577864817189 10.900749136580483 -1
15.829461613232622 13.879229439373484 1
10.477184620290522 6.000220375342458 -1
16.15945065490721 17.770012331294986 1
14.09311445928477 7.260936836972611 -1
0.41411606603187545 15.51648427809063 1
11.208484489455993 13.248869201581142 -1
7.952837472400773 5.656334479884075 -1
4.1486811391322505 4.931692380882932 1
10.680671777933853 16.028903030836076 1
7.693853535336535 15.484329156797676 -1
0.3107401406160637 12.445149639473685 1
10.358039662250718 9.69992525190117 -1
19.214854702959773 2.892541637426995 1
11.866642123903565 4.298620480239892 -1
1.5645377928835313 0.5241616551366612 1
9.592988548905804 8.57403138669487 -1
6.3735614166902765 6.035689413981471 -1
17.60448253044379 9.870158200154268 1
7.429905695611618 10.145705460075751 -1
12.83901933432422 3.4394876725166523 1
13.911895690921781 11.419802855930154 -1
13.760460608329907 16.811555139988354 1
8.118410697313468 0.30015484514157587 1
6.4669196658557615 12.41405394655735 -1
1.3945452155486993 15.392390147827832 1
14.371673000502403 13.016668668516097 -1
7.362090929329305 2.808282049774662 1
10.525486492627588 15.922147217339171 -1
9.805111710922654 15.0068095868135 -1
16.03207934231554 12.025845283015578 1
10.103200434739481 7.663705156906799 -1
12.84622387902614 4.688728195574723 1
13.045857265124477 12.694893861282392 -1
19.296467388721595 16.250460883599203 1
10.823600660507806 4.123762756810214 -1
14.310620969562189 3.1594966530847035 1
5.572336452686624 3.4616858449810572 1
6.293163895357963 10.882488452664557 -1
9.952215129513418 4.48929550094161 -1
15.66308729049339 15.251573446138394 1
9.922332003158246 11.635326235890084 -1
0.518096717217742 16.232586909404525 1
3.271985271031128 18.23796428628079 1
8.458052953628295 7.405697505198803 -1
5.602808695387749 2.8164437647820506 1
11.213890537171295 7.447168549770835 -1
16.409082847976126 1.3903403794507119 1
4.896933590654388 8.15750808645701 -1
1.977309513951715 0.9836024446962144 1
10.046609225908693 9.474409352527458 -1
19.8284206423955 10.645796619078705 1
9.593841612073922 6.927974364103198 -1
12.388455226212614 13.195198304686077 -1
7.349410171478013 3.319060175823625 1
8.7355325255092 16.710727990416675 1
9.727311154045829 7.142199951335484 -1
0.28814045117897313 12.776499572149993 1
5.91467705851384 9.307368564579818 -1
7.437402893516596 12.91892223069246 -1
14.961110138749103 17.436405358696852 1
0.07664371386069124 6.527709759526723 1
13.04262705559017 11.186121797581896 -1
7.60392784662463 10.684103673784325 -1
5.176445309599149 14.777741567618571 1
7.397208946231384 17.48387926202693 1
10.550840573852154 11.059705508172035 -1
18.091065727331063 2.5491555307102898 1
14.123261648585583 10.866564542770156 -1
9.91098609515399 0.6183199669086248 1
15.242032768838026 11.395164010669617 -1
13.977269361178166 6.386802944097467 -1
2.1697754563219163 10.317259104545087 1
9.91130933247312 15.33671354684467 -1
15.706669151505173 14.401202799324256 1
18.396851955956933 16.387125035864646 1
10.761321736971512 14.804397325167686 -1
11.064225970513599 10.34792318975024 -1
14.70461267947325 17.244078302854835 1
8.892789890636605 12.938139968065492 -1
1.0699046790244893 12.620610723270104 1
6.2197528868767105 3.7719451246490365 1
5.1010059527183245 12.489008917721149 -1
18.06845040641998 0.6413064244844247 1
10.73959315592303 5.302012373587113 -1
11.688048256193808 6.686697154349643 -1
12.924708731338955 17.911478434234926 1
15.480147812515465 19.348349711061534 1
5.025964085592669 8.737241242602263 -1
4.402300405114041 5.056065909890237 1
13.995323206134817 14.018559085292875 -1
7.222456717648178 9.363142036689055 -1
2.9746165986090856 9.269084325758424 1
17.131583437377557 12.370319989781214 1
7.4904232056824815 6.669852481171798 -1
1.1866828057770284 7.537851562315474 1
6.398926534918841 7.663981283767194 -1
5.579141515554486 2.9972773262413988 1
10.651550025751842 12.547497577913882 -1
0.26806993529308487 6.924768638075163 1
13.05425974351036 11.006535781931127 -1
5.210377014171499 6.839770613576343 -1
1.6530395010101628 10.0382820151098 1
14.601772342673073 0.9176541428048424 1
9.507499601013397 14.452945439000096 -1
4.0167256094992165 17.592840256503887 1
11.70426768175595 9.95948352494449 -1
18.252617522567608 2.902073990079943 1
10.492120256662538 15.18063790011164 -1
2.866387533627779 12.611767731814618 1
10.452837642695965 15.464538997600144 -1
12.979963460697451 10.602383120516993 -1
2.401678504541669 8.692860694310674 1
12.368056227184853 19.525679621641537 1
14.203217254357249 8.02500838228497 -1
