11.434389742566156 9.244718589811516 -1
14.892014468403492 18.314015252159443 1
17.699663853366836 9.33139618974173 1
8.572772657728327 9.102319201537732 -1
19.98534647780554 14.364535311812263 1
7.966686762464789 12.40442802780188 -1
14.45958980397437 17.92245209117775 1
6.083293612916316 10.158430918810764 -1
15.750536514741615 0.9318272259554594 1
11.091156186968597 5.028155343520102 -1
10.757775245908864 17.94362665488116 1
9.610493611605943 11.955823194798533 -1
19.957759488428763 2.208883290879451 1
4.872070843037237 10.38263789525583 -1
0.9642329951646222 0.87457110507843 1
5.534204278990991 7.434133028788789 -1
6.923137554473849 13.865075362907405 -1
12.041606601112926 17.04039983716872 1
6.8690016794432385 16.449438247661668 1
13.434850572121146 8.433843250377354 -1
19.360312743282417 8.971954895333479 1
8.013577223871057 14.73679332674535 -1
9.485223146241562 14.98135820473561 -1
3.4297533909364253 2.7749202104661874 1
13.91076219866374 14.05336577446956 -1
4.532406189972038 17.990484507856202 1
13.31132255418132 18.846328727088093 1
5.05864245262573 11.15964498276773 -1
13.515062368600848 13.497761467989642 -1
1.6028544653502808 14.671385893412767 1
15.21537068912081 11.921936732693517 -1
15.658470510019262 16.068838058830757 1
3.732607350688526 8.829837686370535 1
14.966654706157312 11.969981115806881 -1
19.059250658741774 8.875549685688991 1
9.526381236262864 12.251458600745842 -1
1.3864269500259185 4.014246031525392 1
13.643827291061768 8.38276321526119 -1
2.583927462949789 12.389497320145807 1
11.882843772969455 15.524579662006614 -1
3.100855366441657 11.496013214810894 1
14.148072747310493 8.139630730526724 -1
10.050623238572145 4.140490277580319 -1
15.285663574785008 19.303670384066244 1
5.712759718366351 1.918891923834456 1
13.199837034931086 8.111228138699474 -1
18.241252855859532 6.303971585308352 1
10.447519639805039 8.303228959444542 -1
19.954158369862235 15.163277144008662 1
12.039513359645134 6.019109443081505 -1
4.933877537835754 12.856564424199846 -1
8.94406603360477 1.0407549389770265 1
19.532099663428443 0.4057616140176057 1
13.347344772304798 7.981037083597022 -1
11.345278667301113 18.854208588485122 1
15.159779674026346 10.38779482192943 -1
6.116736628494747 11.530707714629289 -1
19.917775323282918 2.240755456845638 1
3.947202836348509 3.34484312403166 1
7.360856481252145 5.582790111732232 -1
11.999926611109284 12.120901029095364 -1
12.958605586352272 2.9384335704333275 1
15.427076051676112 11.212262713422946 -1
18.574696846425326 0.760333138691538 1
12.541033408638347 0.5715243554925453 1
13.087857313550746 5.709050121712192 -1
4.173470083090933 15.641317912161515 1
9.549911511508636 5.447741932155596 -1
15.844981114968311 7.717293394028683 1
8.962838641686393 5.978715093239339 -1
5.788640783243442 18.311512431791858 1
12.82860901064953 5.932119767954482 -1
2.07934301308353 0.13420381829999606 1
9.904417761419001 5.691052756863522 -1
9.35268493364757 8.22858841179659 -1
3.458623890942112 14.073292955793592 1
14.287900857621086 7.222684664131509 -1
14.76098483461014 14.288466501966665 1
8.660857230384039 15.065806202015041 -1
16.175395245890865 3.943396946939739 1
11.12154045005202 16.093110346165314 1
11.184861224379844 7.113955036123947 -1
3.567431901981364 18.996723051640153 1
10.127746870259708 8.370525730341043 -1
19.82220549327795 14.453532613167312 1
10.790412718726081 14.647385960494743 -1
7.839573376997302 14.351121964132378 -1
18.991247377961397 14.2690357690812 1
18.530788192735063 8.270648540472278 1
13.103171276026824 12.257021525641306 -1
16.021959608970686 16.588402785525112 1
6.113678561702978 9.8930367107593 -1
5.964134452428301 9.850684296083621 -1
14.954309104043613 13.506646458270321 1
15.328226127883752 10.24777585528863 -1
16.68142551585896 7.750312761226972 1
17.33116209354192 0.3656097386728052 1
10.95557398669408 12.91888365005679 -1
1.2300538168007158 19.448869822986666 1
5.820673039471749 8.713945963946694 -1
10.089223318897478 3.310800487969625 1
7.348644115136849 5.5568123359047945 -1
19.894082800637005 13.089485465804726 1
9.656323330602186 10.719528488350296 -1
7.92941387697047 16.610988444119737 1
5.906875356275707 7.015954294273392 -1
17.592436282738003 8.514479989966542 1
6.2217655808831935 12.621850198598123 -1
16.68096359816587 0.6562306900396608 1
6.699872321607307 12.384248177669757 -1
10.882596282499366 17.06488234368542 1
9.160522078258104 6.546054893368154 -1
11.933332114202715 5.113124931559325 -1
7.223555883652349 18.892820007875507 1
1.1245760890949374 15.978455946591641 1
8.611983008638173 6.741612613240237 -1
9.865442577395298 1.3685646456272882 1
12.016613206104589 8.848182326927487 -1
3.2906417173442026 1.7617313096322196 1
8.14649200493194 6.433168570586474 -1
0.3783206184950916 10.929690145746653 1
7.8120073717465015 15.579378112570495 -1
18.95515712224547 15.508088516151195 1
15.763953750229927 8.49149091638729 -1
7.719127039059397 5.5142551821277275 -1
17.879964892991918 19.100235905135236 1
6.689102765153003 4.667547571423121 1
11.986165708720886 6.543053026183365 -1
7.650444196718311 19.071439671634945 1
13.877627950590583 7.272231060357348 -1
6.543850296940095 14.252372744611925 -1
18.990270340949742 0.6487395970726362 1
19.0133944065704 4.208965947071919 1
12.355763064617376 8.86026732174612 -1
5.6160773910377415 0.5677156024360053 1
11.013103111168709 12.132639641936837 -1
1.8385710267043964 16.839763937508668 1
10.721079429373837 11.826435237377734 -1
0.3015765546732285 1.5275611658901056 1
10.165270810719338 12.320504512659758 -1
17.584798310021426 5.844282522804402 1
5.506735323301912 8.734813479040458 -1
0.8408730356447447 3.3841841095269287 1
11.22839235580626 15.681130958533181 -1
6.756392057833429 15.53775702019685 1
9.885484142911746 4.30140683242398 -1
18.043337170806478 7.220950313860062 1
8.920484582787756 6.5954506375783755 -1
14.065175613104167 16.603437230472494 1
10.468359280502717 4.329500006654503 -1
1.6528887985111629 7.34256792393283 1
14.81155367110401 7.656214941424048 -1
17.99291512764484 14.478298318001212 1
7.610555713857385 12.815467566804502 -1
17.64298877909993 13.849229040143424 1
9.979625332233429 6.20796875087944 -1
9.258600971127093 0.04994660627677616 1
13.347934790179172 6.29376532189114 -1
15.673588982833767 19.494798044301188 1
11.870158262090008 10.426270741218072 -1
9.100275564001763 12.7107664111038 -1
19.866652191019337 0.31099452760610546 1
9.054515740023358 5.742418430126575 -1
1.0166503307737496 13.498258877974527 1
6.488822758675228 13.081833097062184 -1
19.787205500696377 7.181504031385937 1
15.960428248777585 16.83022162395477 1
14.01927424409564 11.02348897097399 -1
12.152120409247777 18.182332541897452 1
15.855661087023227 10.22216989902519 -1
8.538931057534484 17.734093366989192 1
12.688432511958139 5.152708739010903 -1
1.1298226692384894 14.62705600737529 1
11.919124942342908 4.683461510872082 -1
5.466966169627298 17.633515999263473 1
13.275507808352543 9.360986596534556 -1
9.144943970993822 16.703167843750208 1
6.0021769903545525 6.422000897236577 -1
14.274953982406 18.706327781963797 1
11.36309846333556 8.318092083621293 -1
18.452295385870965 11.965521481622154 1
12.321460183197654 8.71080487696389 -1
7.27067460491889 9.174706977883789 -1
1.917959924807049 14.223105714843886 1
6.28107295091241 1.6730347454935313 1
8.087121723746069 6.041655155043886 -1
8.307222354427017 10.400080633047327 -1
13.06589747484027 16.6775003654007 1
10.197871773945097 19.65824560383721 1
4.986757414203929 8.190482769675434 -1
4.303094013512601 9.980535348842283 -1
1.672981239300373 17.193070870102932 1
0.2039978476626736 3.6934582362354407 1
6.061771871066743 8.197621575555383 -1
13.495814165444084 16.822787178524678 1
11.019030636380778 10.56289516716024 -1
10.64241222943091 18.594055315819688 1
14.014603872707013 10.490676631441694 -1
9.426232258874023 10.606831773312814 -1
19.602892733388888 11.244562300788616 1
16.07030599138458 2.501458544959594 1
10.054613886923695 12.45849759925763 -1
16.3378614695247 11.752432599219564 1
12.649705406880713 7.362311992120425 -1
7.67018499728368 12.563650626705321 -1
2.68100511823651 17.847222286456578 1
14.68378754493183 17.515306584417544 1
5.908267231743938 5.736773477017274 -1
9.400067510566073 19.37254803891352 1
10.36425128682364 14.035939776901998 -1
5.13043833689522 10.697522169814002 -1
4.063362570277029 18.679293860952797 1
18.536035218282084 10.204135769053583 1
14.535447892690957 12.44575272998622 -1
13.616684503611413 0.2070934917736933 1
4.833772684136868 7.617570549928454 -1
2.4139337660173243 8.880265921426629 1
14.599822163788826 7.441670443501616 -1
11.249036775807316 5.012302442605172 -1
8.648801397914095 17.706284348414073 1
4.913148491545545 18.680217299872016 1
11.678017257267639 4.48387691113588 -1
2.62029443860335 13.102507145256336 1
6.539962476114704 6.983618075808904 -1
19.890688742739016 13.97832568112602 1
14.28766269411464 13.61583309098984 -1
7.269265175344262 15.40720163740408 1
14.69384081074474 8.20118117147551 -1
11.977794421557855 10.479422708762986 -1
8.077641204342216 1.4595241657541536 1
2.0170723703993443 13.052849694725827 1
13.610046321393405 6.982125146268552 -1
19.820139047763647 6.4420765785000444 1
13.217796143127982 5.900508730921721 -1
14.513510427482025 11.195582407266684 -1
11.074559128284298 2.095043727466954 1
16.083851921046282 3.0486656630789133 1
5.348002805064329 11.59483940175026 -1
15.440648386035988 2.7307622798291242 1
8.461532765133256 15.471222360467515 -1
18.226446537939946 9.799977650529266 1
12.677992813309828 11.10450110691845 -1
2.9280395215637967 14.655220954888888 1
14.043383118865005 13.795528126675883 -1
14.148411309264311 1.3116989770878695 1
14.547329092374872 8.985468586498971 -1
1.9745199605284536 16.695360977874387 1
11.017562492497031 15.138758995412154 -1
13.90432816672403 5.064700999056289 1
5.729670807780303 10.221996171812401 -1
7.028555302166291 5.872326871889804 -1
13.996448957493918 19.20298401486974 1
0.10530701339723558 9.063652756394049 1
12.277086936315381 12.705072839569777 -1
9.711299401865968 12.224514581075024 -1
13.877047038871844 15.970783383211376 1
11.176503428611124 16.230546849440056 1
5.8449670160990275 11.121214476910254 -1
1.002932679288373 17.65561574961216 1
6.906417028984977 5.505575011346265 -1
14.518455423895997 12.10413149065575 -1
0.7404289295108035 11.537601137880786 1
16.55227249514129 1.209326249760958 1
10.276685741569565 10.170326663911034 -1
4.472547540475298 3.598209152935201 1
11.412966354224254 13.788339735411071 -1
5.605512243838914 10.61525547671131 -1
0.1680827412257324 10.32415557074561 1
3.910027339852886 11.27119708369851 1
9.631863380372769 6.405106304836705 -1
12.865831424432084 3.6818558664728984 1
9.053035974123025 15.800381541998034 -1
4.333533095687518 16.38612724274893 1
13.619970973050071 12.163853289933467 -1
0.23773107021711093 17.27898308653775 1
9.865094947750897 5.369873573176753 -1
7.045105199547283 6.425607815551892 -1
3.355602841868335 13.375950301172988 1
7.048642053028374 8.153421160084712 -1
17.432222635984303 18.563161119084054 1
10.51871862797838 14.022705788267212 -1
2.1693669757316303 15.917159585388521 1
1.2892850189271665 14.682069008626499 1
7.625353383604281 13.517850361818573 -1
2.072398439591312 13.351464595500268 1
4.704515798115252 12.313808265219068 -1
10.834978310424273 10.045673536473505 -1
2.2038045546882556 14.492839590061436 1
11.780875542330378 13.123290662168138 -1
12.434622850655025 16.040189446119854 1
8.347387182305555 3.0628258722888124 1
11.01040045001926 5.787921166011422 -1
4.340011743402767 14.806574869813073 1
6.639230283328854 6.136802192963728 -1
7.760574390659318 7.710483693341965 -1
1.423413791717194 2.6779560395529667 1
12.42883528591497 8.760574842048722 -1
11.634017114216096 0.7803409035357367 1
2.3888318602328473 3.9823439758363177 1
5.857137365938126 6.358084333731795 -1
14.080857505980607 15.293908375637212 1
7.127303160041166 13.684406271003358 -1
18.779482704067384 16.645742967671772 1
15.152288740111619 10.217489169272522 -1
0.7177674976777793 17.794804535887135 1
14.438765878233557 6.80529000488606 -1
2.276300120947381 14.173179810552005 1
7.612036662779298 7.049263472172678 -1
5.623664892432578 12.909191057087492 -1
11.375441950444937 15.924956663123107 1
17.722223476981146 10.289027367732013 1
9.871340232931198 7.992761979656096 -1
15.783545295657419 9.866142847297514 -1
0.9685047121456059 7.383420204841844 1
6.485087463388217 3.827649531933952 1
6.685376614223067 11.901444607044315 -1
8.299985090481801 11.626771663529578 -1
19.121643931068867 1.6685480934878627 1
7.584731038045787 3.4849402112089334 1
12.812410175073472 5.234877809478751 -1
3.2014393456022705 1.7161585481450503 1
8.324553768052425 10.151056047731208 -1
12.066201304653205 0.6443079000270724 1
12.379013260000349 15.441545043576827 -1
3.007746699741216 6.653618528106449 1
7.354324179226168 12.580835363500363 -1
3.528400721715641 8.073584499890279 1
12.189470971235778 8.665659330837608 -1
2.456329995605404 19.88113698116343 1
8.496467804694161 5.885313575986382 -1
12.178605647895779 16.019906798257722 1
9.721531847069551 11.96495191495886 -1
19.75512980010154 12.508043498917875 1
10.827645341452488 7.295733796277721 -1
17.288856529345235 14.27615038988504 1
9.065295252651344 5.989065570690697 -1
18.372745193581302 10.208081128814978 1
14.92284348792172 7.594713265581941 -1
15.003672578833102 6.008811070239329 1
13.595210439104669 8.257979386037935 -1
0.5836286882989317 0.5063980331529883 1
11.81150696754047 12.10800091135061 -1
1.0477927530595066 4.522252039633676 1
11.24794551101964 9.00872004709913 -1
14.45858332479977 15.744878190412802 1
5.044460381331386 10.84953781521935 -1
9.283019400872082 7.676446110710755 -1
4.607112373122863 2.801652553758882 1
10.941246377212707 16.7841546468228 1
15.910928770617204 9.93522096071231 -1
4.465373515101367 19.736687089627647 1
4.758771457814934 10.652893149075615 -1
2.03594377564988 18.99188471791325 1
11.869255856471192 7.7396054385146895 -1
6.963881300891643 2.0618834922691542 1
9.494594871654048 5.452447626020611 -1
14.111206680409648 16.759573176516977 1
10.252350307497494 10.426762557242217 -1
10.485237134283237 19.206730995425627 1
7.374378284573073 12.832603100507695 -1
10.455864758474217 3.316876880454398 1
13.665000268273664 11.18022887161975 -1
17.665947644525044 17.877426706663254 1
12.363335555400422 9.882337696368664 -1
17.985202007526592 1.0890257375349743 1
9.886600164740791 5.0427923730565976 -1
5.507119165315766 5.828141721105576 1
6.960768823135188 6.3985911735565715 -1
1.843811263775168 9.587246158628135 1
13.179965923925534 15.008007427138939 -1
0.808219891416706 7.107572702974676 1
7.697815446434106 12.452046761053861 -1
2.2308394295220135 0.9320726382013023 1
6.457054708663175 11.30182354394855 -1
4.231782462338409 5.813835713550251 1
11.065179157162214 4.506196976935415 -1
16.26729202576185 1.8241437395796911 1
6.786634179787572 5.096484767148739 -1
8.423330181255102 10.213998190459295 -1
2.4843119034900307 3.6155508808429992 1
2.34494492725029 19.77147064584737 1
6.522193301203146 11.760332904095794 -1
14.224804232162128 19.738591729665313 1
8.409631675824226 14.805755978726442 -1
17.445965598175114 12.985271550027155 1
7.425466855432001 12.098894252241898 -1
6.8138131267547974 6.06071867690225 -1
5.606388445859785 14.901598826034672 1
11.362818071030356 13.550678704383454 -1
18.178939395899686 18.886318758168038 1
12.705921469564345 6.159116455319602 -1
16.528971410840995 11.729996375240132 1
17.835950533536355 9.75145012107528 1
12.43868960652074 9.384370439085945 -1
8.0324486723723 11.397677262328038 -1
5.3066655197160735 14.351106561988335 1
11.01418885673026 17.957102183373625 1
5.721890824776468 12.255522204377689 -1
3.098170273294669 10.804879760849953 1
11.037082049874535 6.488567034663976 -1
3.7579755404457593 17.684541237768453 1
8.268120965685872 11.331911944007775 -1
3.7693394428145477 2.310520012898849 1
10.369495740721284 10.953289696202091 -1
5.295104840369831 2.9686115466634355 1
12.364645566686258 12.165968020278758 -1
15.751986636132555 10.406772477003779 -1
14.824455032847572 14.112197134893716 1
10.649568617534237 16.924584021163856 1
4.676785158183567 7.311966809652808 -1
17.048322518660108 11.975946107434234 1
9.985857215048588 12.67139560180668 -1
3.6245374579824086 5.595697868151555 1
8.810433699045824 5.089378500819535 -1
16.174571009337026 7.559278961688607 1
9.239095333101151 4.678531713786067 -1
9.499405158075467 0.10939462827183721 1
6.821291264207114 9.217369572612784 -1
9.6025077933804 17.51698963134478 1
11.318693268578759 5.10032172526246 -1
8.474989569235913 15.964719709470685 1
8.09159138377967 4.743993502871171 -1
6.379306814458905 14.814736250490338 1
4.41478370625487 9.783938408954846 -1
15.6420657556928 11.975520594882337 -1
9.485897751185806 15.980326492256943 1
6.153129012746435 8.149662773104838 -1
13.011142570442962 17.632618024211283 1
5.841816086859197 11.113069352970342 -1
19.27677982979568 13.602045401182652 1
17.804429620155396 11.662038257013982 1
12.606835595510121 8.974924085261067 -1
18.09547768651108 8.572102634345027 1
7.020535889303532 13.222653657413018 -1
15.209832195430891 7.472458001644851 -1
5.0749492297405 17.043663894502245 1
1.3172350153717538 0.7773153968475954 1
4.141588635472875 10.848806532221811 -1
19.884117411216252 13.708881717357812 1
8.923905201324857 8.552108122883254 -1
12.10821985275133 3.0885480189659154 1
4.922676764293479 12.329301249528584 -1
15.742374164257185 2.0567563357192653 1
11.07959293377056 9.636340893367946 -1
10.6257786212392 18.89374041234227 1
7.427325551160672 15.208242133934029 -1
7.345831248903705 9.587806962262682 -1
16.90604347999215 18.702604709776494 1
10.430110394163117 1.0007249384339056 1
6.504313906145606 12.084399382574267 -1
16.74103316479886 9.769562065542486 1
9.945051270631772 10.62909345793666 -1
5.5308153398986715 10.595195357981662 -1
15.417750040945696 13.188436821535138 1
1.2736421174619816 17.498382536984042 1
8.669073779345045 11.647397296272473 -1
6.291416575215574 1.1830811424827492 1
15.378309556870889 8.105906898562424 -1
6.539757377766639 15.843078321814739 1
11.434623247441342 4.9370720635123195 -1
13.849750312090556 16.17304241322232 1
12.457494008417434 10.814915667288428 -1
1.5480058671032415 4.709690718298316 1
13.565321023166002 12.367486999823367 -1
1.1072071807852013 5.042973120242486 1
13.687938060470795 10.336590615487014 -1
8.000767762377786 16.005865945609877 1
9.917768002204987 6.8855493786067274 -1
12.574355546856372 2.9982319555181713 1
10.003330257845938 7.490670894344246 -1
4.343328378880898 6.290231962972168 1
13.561973929748493 13.782803454573072 -1
12.220183477419207 8.832824913282376 -1
4.989964277771182 3.267684018361403 1
8.91317867903463 11.812780588163507 -1
13.896477500727311 4.057747333930517 1
12.908353937132775 19.645966644968475 1
12.928544746614687 10.037590802047127 -1
1.3972215722839754 4.634365013206305 1
4.396634487213243 8.202257336867104 -1
6.260228421857457 5.37989520094067 -1
4.052053142602112 18.634762075984057 1
16.534903720711597 13.743157891026074 1
9.237714001752265 6.7255767362344 -1
13.387045374908888 6.7012405037353755 -1
2.128103523570055 18.53733271960159 1
8.348880832936164 12.852461530298685 -1
10.168035973742375 17.70803112428378 1
12.106303631581897 8.095470632327276 -1
4.739181546631532 2.9890072268400814 1
11.732509048743324 8.870653266884222 -1
8.208223698843218 2.920383636772448 1
1.724113985033151 3.2017056724997373 1
11.377607924831022 10.248714503809742 -1
11.989597601707606 10.642968517980545 -1
19.61193510702062 16.809198716648524 1
3.4717980446894026 11.28917479144362 1
12.399795761722848 7.9029161861959585 -1
2.671189779979064 16.606929824104487 1
5.150082290252871 7.495787861199368 -1
