0,0.014492753623188406
1,0.014492753623188406
2,0.014492753623188406
3,0.014492753623188406
4,0.014492753623188406
5,0.014492753623188406
6,0.014492753623188406
7,0.014492753623188406
8,0.014492753623188406
9,0.014492753623188406
10,0.014492753623188406
11,0.014492753623188406
12,0.014492753623188406
13,0.014492753623188406
14,0.014492753623188406
15,0.014492753623188406
16,0.014492753623188406
17,0.014492753623188406
18,0.014492753623188406
19,0.014492753623188406
20,0.014492753623188406
21,0.014492753623188406
22,0.014492753623188406
23,0.014492753623188406
24,0.014492753623188406
25,0.014492753623188406
26,0.014492753623188406
27,0.014492753623188406
28,0.014492753623188406
29,0.014492753623188406
30,0.014492753623188406
31,0.014492753623188406
32,0.014492753623188406
33,0.014492753623188406
34,0.014492753623188406
35,0.014492753623188406
36,0.014492753623188406
37,0.014492753623188406
38,0.014492753623188406
39,0.014492753623188406
40,0.014492753623188406
41,0.014492753623188406
42,0.014492753623188406
43,0.014492753623188406
44,0.014492753623188406
45,0.014492753623188406
46,0.014492753623188406
47,0.014492753623188406
48,0.014492753623188406
49,0.014492753623188406
50,0.014492753623188406
51,0.014492753623188406
52,0.014492753623188406
53,0.014492753623188406
54,0.014492753623188406
55,0.014492753623188406
56,0.014492753623188406
57,0.014492753623188406
58,0.014492753623188406
59,0.014492753623188406
60,0.014492753623188406
61,0.014492753623188406
62,0.014492753623188406
63,0.014492753623188406
64,0.014492753623188406
65,0.014492753623188406
66,0.014492753623188406
67,0.014492753623188406
68,0.014492753623188406
69,0.014492753623188406
70,0.014492753623188406
71,0.014492753623188406
72,0.014492753623188406
73,0.014492753623188406
74,0.014492753623188406
75,0.014492753623188406
76,0.014492753623188406
77,0.014492753623188406
78,0.014492753623188406
79,0.014492753623188406
80,0.014492753623188406
81,0.014492753623188406
82,0.014492753623188406
83,0.014492753623188406
84,0.014492753623188406
85,0.014492753623188406
86,0.014492753623188406
87,0.014492753623188406
88,0.014492753623188406
89,0.014492753623188406
90,0.014492753623188406
91,0.014492753623188406
92,0.014492753623188406
93,0.014492753623188406
94,0.014492753623188406
95,0.014492753623188406
96,0.014492753623188406
97,0.014492753623188406
98,0.014492753623188406
99,0.014492753623188406
100,0.014492753623188406
