0,0.0
1,0.0
2,0.0
3,0.0
4,0.0
5,0.014492753623188406
6,0.014492753623188406
7,0.014492753623188406
8,0.014492753623188406
9,0.014492753623188406
10,0.014492753623188406
11,0.014492753623188406
12,0.014492753623188406
13,0.014492753623188406
14,0.057971014492753624
15,0.057971014492753624
16,0.0821256038647343
17,0.0821256038647343
18,0.0966183574879227
19,0.0966183574879227
20,0.0966183574879227
21,0.0966183574879227
22,0.0966183574879227
23,0.0966183574879227
24,0.0966183574879227
25,0.0966183574879227
26,0.0966183574879227
27,0.0966183574879227
28,0.0966183574879227
29,0.0966183574879227
30,0.0966183574879227
31,0.0966183574879227
32,0.0966183574879227
33,0.0966183574879227
34,0.0966183574879227
35,0.0966183574879227
36,0.0966183574879227
37,0.0966183574879227
38,0.0966183574879227
39,0.0966183574879227
40,0.0966183574879227
41,0.0966183574879227
42,0.0966183574879227
43,0.0966183574879227
44,0.0966183574879227
45,0.0966183574879227
46,0.0966183574879227
47,0.0966183574879227
48,0.0966183574879227
49,0.0966183574879227
50,0.0966183574879227
51,0.0966183574879227
52,0.0966183574879227
53,0.0966183574879227
54,0.0966183574879227
55,0.0966183574879227
56,0.0966183574879227
57,0.0966183574879227
58,0.0966183574879227
59,0.0966183574879227
60,0.0966183574879227
61,0.0966183574879227
62,0.0966183574879227
63,0.0966183574879227
64,0.0966183574879227
65,0.0966183574879227
66,0.0966183574879227
67,0.0966183574879227
68,0.0966183574879227
69,0.0966183574879227
70,0.10144927536231885
71,0.10144927536231885
72,0.10144927536231885
73,0.10144927536231885
74,0.13043478260869565
75,0.13043478260869565
76,0.13043478260869565
77,0.13043478260869565
78,0.13043478260869565
79,0.13043478260869565
80,0.13043478260869565
81,0.13043478260869565
82,0.13043478260869565
83,0.13043478260869565
84,0.13043478260869565
85,0.13043478260869565
86,0.13043478260869565
87,0.13043478260869565
88,0.13043478260869565
89,0.13043478260869565
90,0.13043478260869565
91,0.13043478260869565
92,0.13043478260869565
93,0.13043478260869565
94,0.13043478260869565
95,0.13043478260869565
96,0.13043478260869565
97,0.13043478260869565
98,0.13043478260869565
99,0.13043478260869565
100,0.13043478260869565
