0,0.0
1,0.0
2,0.0
3,0.0
4,0.0
5,0.00966183574879227
6,0.00966183574879227
7,0.00966183574879227
8,0.00966183574879227
9,0.00966183574879227
10,0.00966183574879227
11,0.00966183574879227
12,0.00966183574879227
13,0.00966183574879227
14,0.00966183574879227
15,0.00966183574879227
16,0.00966183574879227
17,0.00966183574879227
18,0.00966183574879227
19,0.00966183574879227
20,0.00966183574879227
21,0.00966183574879227
22,0.00966183574879227
23,0.00966183574879227
24,0.00966183574879227
25,0.00966183574879227
26,0.05314009661835749
27,0.06763285024154589
28,0.06763285024154589
29,0.07729468599033816
30,0.07729468599033816
31,0.07729468599033816
32,0.07729468599033816
33,0.1932367149758454
34,0.1932367149758454
35,0.1932367149758454
36,0.1932367149758454
37,0.1932367149758454
38,0.1932367149758454
39,0.1932367149758454
40,0.1932367149758454
41,0.1932367149758454
42,0.1932367149758454
43,0.1932367149758454
44,0.1932367149758454
45,0.1932367149758454
46,0.1932367149758454
47,0.1932367149758454
48,0.1932367149758454
49,0.1932367149758454
50,0.1932367149758454
51,0.1932367149758454
52,0.1932367149758454
53,0.1932367149758454
54,0.1932367149758454
55,0.1932367149758454
56,0.1932367149758454
57,0.1932367149758454
58,0.1932367149758454
59,0.1932367149758454
60,0.1932367149758454
61,0.1932367149758454
62,0.1932367149758454
63,0.1932367149758454
64,0.1932367149758454
65,0.1932367149758454
66,0.1932367149758454
67,0.1932367149758454
68,0.1932367149758454
69,0.1932367149758454
70,0.1932367149758454
71,0.1932367149758454
72,0.1932367149758454
73,0.1932367149758454
74,0.1932367149758454
75,0.1932367149758454
76,0.1932367149758454
77,0.1932367149758454
78,0.1932367149758454
79,0.1932367149758454
80,0.1932367149758454
81,0.1932367149758454
82,0.1932367149758454
83,0.1932367149758454
84,0.1932367149758454
85,0.1932367149758454
86,0.1932367149758454
87,0.1932367149758454
88,0.1932367149758454
89,0.1932367149758454
90,0.1932367149758454
91,0.1932367149758454
92,0.1932367149758454
93,0.1932367149758454
94,0.23671497584541062
95,0.23671497584541062
96,0.23671497584541062
97,0.23671497584541062
98,0.23671497584541062
99,0.23671497584541062
100,0.23671497584541062
