0,0.0
1,0.0
2,0.0
3,0.0
4,0.0
5,0.0
6,0.0
7,0.0
8,0.0
9,0.0
10,0.0
11,0.00966183574879227
12,0.00966183574879227
13,0.01932367149758454
14,0.024154589371980676
15,0.024154589371980676
16,0.024154589371980676
17,0.024154589371980676
18,0.024154589371980676
19,0.024154589371980676
20,0.024154589371980676
21,0.024154589371980676
22,0.024154589371980676
23,0.024154589371980676
24,0.024154589371980676
25,0.028985507246376812
26,0.028985507246376812
27,0.028985507246376812
28,0.028985507246376812
29,0.028985507246376812
30,0.028985507246376812
31,0.028985507246376812
32,0.033816425120772944
33,0.033816425120772944
34,0.033816425120772944
35,0.033816425120772944
36,0.033816425120772944
37,0.033816425120772944
38,0.06280193236714976
39,0.06280193236714976
40,0.06280193236714976
41,0.06280193236714976
42,0.06280193236714976
43,0.06280193236714976
44,0.06280193236714976
45,0.06763285024154589
46,0.06763285024154589
47,0.06763285024154589
48,0.07246376811594203
49,0.07246376811594203
50,0.07246376811594203
51,0.0821256038647343
52,0.0821256038647343
53,0.0821256038647343
54,0.0821256038647343
