0,0.0
1,0.0
2,0.0
3,0.0
4,0.0
5,0.0
6,0.0
7,0.0
8,0.0
9,0.01932367149758454
10,0.01932367149758454
11,0.01932367149758454
12,0.01932367149758454
13,0.01932367149758454
14,0.01932367149758454
15,0.01932367149758454
16,0.01932367149758454
17,0.01932367149758454
18,0.01932367149758454
19,0.01932367149758454
20,0.01932367149758454
21,0.01932367149758454
22,0.01932367149758454
23,0.01932367149758454
24,0.01932367149758454
25,0.01932367149758454
26,0.01932367149758454
27,0.01932367149758454
28,0.01932367149758454
29,0.01932367149758454
30,0.01932367149758454
31,0.01932367149758454
32,0.01932367149758454
33,0.01932367149758454
34,0.01932367149758454
35,0.01932367149758454
36,0.01932367149758454
37,0.01932367149758454
38,0.01932367149758454
39,0.01932367149758454
40,0.01932367149758454
41,0.01932367149758454
42,0.01932367149758454
43,0.01932367149758454
44,0.01932367149758454
45,0.01932367149758454
46,0.01932367149758454
47,0.01932367149758454
48,0.01932367149758454
49,0.01932367149758454
50,0.01932367149758454
51,0.01932367149758454
52,0.01932367149758454
53,0.01932367149758454
54,0.01932367149758454
55,0.01932367149758454
56,0.01932367149758454
57,0.01932367149758454
58,0.01932367149758454
59,0.01932367149758454
60,0.01932367149758454
61,0.01932367149758454
62,0.01932367149758454
63,0.01932367149758454
64,0.01932367149758454
65,0.01932367149758454
66,0.01932367149758454
67,0.01932367149758454
68,0.01932367149758454
69,0.01932367149758454
70,0.01932367149758454
71,0.01932367149758454
72,0.01932367149758454
73,0.01932367149758454
74,0.01932367149758454
75,0.01932367149758454
76,0.01932367149758454
77,0.01932367149758454
78,0.01932367149758454
79,0.01932367149758454
80,0.01932367149758454
81,0.01932367149758454
82,0.01932367149758454
83,0.01932367149758454
84,0.01932367149758454
85,0.01932367149758454
86,0.01932367149758454
87,0.01932367149758454
88,0.01932367149758454
89,0.01932367149758454
90,0.01932367149758454
91,0.01932367149758454
92,0.01932367149758454
93,0.01932367149758454
94,0.01932367149758454
95,0.01932367149758454
96,0.01932367149758454
97,0.01932367149758454
98,0.01932367149758454
99,0.01932367149758454
100,0.01932367149758454
