0,0.00966183574879227
1,0.01932367149758454
2,0.01932367149758454
3,0.05314009661835749
4,0.057971014492753624
5,0.06280193236714976
6,0.06280193236714976
7,0.06280193236714976
8,0.06280193236714976
9,0.07729468599033816
10,0.07729468599033816
11,0.08695652173913043
12,0.08695652173913043
13,0.0966183574879227
14,0.0966183574879227
15,0.0966183574879227
16,0.0966183574879227
17,0.0966183574879227
18,0.0966183574879227
19,0.10144927536231885
20,0.11594202898550725
21,0.11594202898550725
22,0.11594202898550725
23,0.11594202898550725
24,0.11594202898550725
25,0.11594202898550725
26,0.11594202898550725
27,0.11594202898550725
28,0.11594202898550725
29,0.11594202898550725
30,0.11594202898550725
31,0.11594202898550725
32,0.11594202898550725
33,0.11594202898550725
34,0.11594202898550725
35,0.11594202898550725
36,0.11594202898550725
37,0.11594202898550725
38,0.11594202898550725
39,0.11594202898550725
40,0.12077294685990338
41,0.12077294685990338
42,0.12077294685990338
43,0.12077294685990338
44,0.12077294685990338
45,0.12077294685990338
46,0.12077294685990338
