0,0.0
1,0.0
2,0.01932367149758454
3,0.01932367149758454
4,0.01932367149758454
5,0.01932367149758454
6,0.01932367149758454
7,0.01932367149758454
8,0.01932367149758454
9,0.01932367149758454
10,0.01932367149758454
11,0.01932367149758454
12,0.01932367149758454
13,0.01932367149758454
14,0.01932367149758454
15,0.01932367149758454
16,0.01932367149758454
17,0.01932367149758454
18,0.01932367149758454
19,0.01932367149758454
20,0.01932367149758454
21,0.01932367149758454
22,0.01932367149758454
23,0.01932367149758454
24,0.01932367149758454
25,0.01932367149758454
26,0.01932367149758454
27,0.01932367149758454
28,0.01932367149758454
29,0.01932367149758454
30,0.043478260869565216
31,0.043478260869565216
32,0.05314009661835749
33,0.057971014492753624
34,0.06763285024154589
35,0.07729468599033816
36,0.07729468599033816
37,0.08695652173913043
38,0.08695652173913043
39,0.08695652173913043
40,0.08695652173913043
41,0.08695652173913043
42,0.08695652173913043
43,0.08695652173913043
44,0.08695652173913043
45,0.08695652173913043
46,0.08695652173913043
47,0.08695652173913043
48,0.08695652173913043
49,0.08695652173913043
50,0.08695652173913043
51,0.08695652173913043
52,0.08695652173913043
53,0.08695652173913043
54,0.08695652173913043
55,0.08695652173913043
56,0.08695652173913043
57,0.09178743961352658
58,0.09178743961352658
59,0.09178743961352658
60,0.09178743961352658
61,0.09178743961352658
62,0.09178743961352658
63,0.09178743961352658
64,0.09178743961352658
65,0.09178743961352658
66,0.09178743961352658
67,0.10144927536231885
68,0.10144927536231885
69,0.10144927536231885
70,0.10144927536231885
71,0.10144927536231885
72,0.10144927536231885
73,0.10144927536231885
74,0.10144927536231885
75,0.10144927536231885
76,0.10144927536231885
77,0.10144927536231885
78,0.10144927536231885
79,0.10144927536231885
80,0.10144927536231885
81,0.10144927536231885
82,0.10144927536231885
83,0.10144927536231885
84,0.10144927536231885
85,0.10144927536231885
86,0.10144927536231885
87,0.10144927536231885
88,0.10144927536231885
89,0.10144927536231885
90,0.10144927536231885
91,0.10144927536231885
92,0.10144927536231885
93,0.10144927536231885
94,0.10144927536231885
95,0.10144927536231885
96,0.10144927536231885
97,0.10144927536231885
98,0.10144927536231885
99,0.10144927536231885
100,0.10144927536231885
