0,0.0
1,0.0
2,0.0
3,0.0
4,0.0
5,0.0
6,0.0
7,0.0
8,0.0
9,0.0
10,0.00966183574879227
11,0.00966183574879227
12,0.00966183574879227
13,0.00966183574879227
14,0.028985507246376812
15,0.028985507246376812
16,0.05314009661835749
17,0.05314009661835749
18,0.05314009661835749
19,0.05314009661835749
20,0.05314009661835749
21,0.05314009661835749
22,0.06763285024154589
23,0.06763285024154589
24,0.06763285024154589
25,0.06763285024154589
26,0.06763285024154589
27,0.06763285024154589
28,0.06763285024154589
29,0.06763285024154589
30,0.06763285024154589
31,0.06763285024154589
32,0.06763285024154589
33,0.06763285024154589
34,0.06763285024154589
35,0.06763285024154589
36,0.07246376811594203
37,0.07246376811594203
38,0.07246376811594203
39,0.07246376811594203
40,0.07246376811594203
41,0.07246376811594203
42,0.07246376811594203
43,0.07246376811594203
44,0.07246376811594203
45,0.07246376811594203
46,0.07246376811594203
47,0.07246376811594203
48,0.07246376811594203
49,0.07246376811594203
50,0.07246376811594203
51,0.07246376811594203
52,0.07246376811594203
53,0.07246376811594203
54,0.07246376811594203
55,0.07246376811594203
56,0.07246376811594203
57,0.07246376811594203
58,0.07246376811594203
59,0.07246376811594203
60,0.07246376811594203
61,0.07246376811594203
62,0.07246376811594203
63,0.07246376811594203
64,0.07246376811594203
65,0.07246376811594203
66,0.07246376811594203
67,0.07246376811594203
68,0.07246376811594203
69,0.07246376811594203
70,0.07246376811594203
71,0.07246376811594203
72,0.07246376811594203
73,0.07246376811594203
74,0.07246376811594203
75,0.07246376811594203
76,0.07246376811594203
77,0.07246376811594203
78,0.07246376811594203
79,0.07246376811594203
80,0.07246376811594203
81,0.07246376811594203
82,0.07246376811594203
83,0.07246376811594203
84,0.07246376811594203
85,0.07246376811594203
86,0.07246376811594203
87,0.07246376811594203
88,0.07246376811594203
89,0.07246376811594203
90,0.07246376811594203
91,0.07246376811594203
92,0.07246376811594203
93,0.07246376811594203
94,0.07246376811594203
95,0.07246376811594203
96,0.07246376811594203
97,0.07246376811594203
98,0.07246376811594203
99,0.07246376811594203
100,0.07246376811594203
