0,0.01932367149758454
1,0.028985507246376812
2,0.033816425120772944
3,0.043478260869565216
4,0.043478260869565216
5,0.043478260869565216
6,0.057971014492753624
7,0.06280193236714976
8,0.07729468599033816
9,0.07729468599033816
10,0.07729468599033816
11,0.07729468599033816
12,0.07729468599033816
13,0.07729468599033816
14,0.07729468599033816
15,0.07729468599033816
16,0.07729468599033816
17,0.07729468599033816
18,0.07729468599033816
19,0.07729468599033816
20,0.07729468599033816
21,0.07729468599033816
22,0.07729468599033816
23,0.07729468599033816
24,0.07729468599033816
25,0.07729468599033816
26,0.07729468599033816
27,0.07729468599033816
28,0.07729468599033816
29,0.07729468599033816
30,0.07729468599033816
31,0.07729468599033816
32,0.07729468599033816
33,0.07729468599033816
34,0.07729468599033816
35,0.07729468599033816
36,0.07729468599033816
37,0.07729468599033816
38,0.07729468599033816
39,0.10144927536231885
40,0.10144927536231885
41,0.10144927536231885
42,0.10144927536231885
43,0.10144927536231885
44,0.10144927536231885
45,0.10144927536231885
46,0.10144927536231885
47,0.10144927536231885
48,0.10144927536231885
49,0.10144927536231885
50,0.10144927536231885
51,0.10144927536231885
52,0.10144927536231885
53,0.10144927536231885
54,0.10144927536231885
55,0.10144927536231885
56,0.10144927536231885
57,0.10144927536231885
58,0.10144927536231885
59,0.10144927536231885
60,0.10144927536231885
61,0.10144927536231885
62,0.10144927536231885
63,0.10144927536231885
64,0.10144927536231885
65,0.10144927536231885
66,0.10144927536231885
67,0.10144927536231885
68,0.10144927536231885
69,0.10144927536231885
70,0.10144927536231885
71,0.10144927536231885
