0,0.024154589371980676
1,0.033816425120772944
2,0.03864734299516908
3,0.03864734299516908
4,0.06763285024154589
5,0.07729468599033816
6,0.07729468599033816
7,0.09178743961352658
8,0.0966183574879227
9,0.0966183574879227
10,0.0966183574879227
11,0.0966183574879227
12,0.0966183574879227
13,0.0966183574879227
14,0.10628019323671498
15,0.10628019323671498
16,0.10628019323671498
17,0.10628019323671498
18,0.10628019323671498
19,0.14009661835748793
20,0.14009661835748793
21,0.14009661835748793
22,0.14009661835748793
23,0.14009661835748793
24,0.14009661835748793
25,0.14009661835748793
26,0.14009661835748793
27,0.14009661835748793
28,0.14009661835748793
29,0.14009661835748793
30,0.14009661835748793
31,0.14009661835748793
32,0.14009661835748793
33,0.14492753623188406
34,0.14492753623188406
35,0.14492753623188406
36,0.14492753623188406
37,0.14492753623188406
38,0.14492753623188406
