0,0.0
1,0.0
2,0.033816425120772944
3,0.033816425120772944
4,0.03864734299516908
5,0.03864734299516908
6,0.04830917874396135
7,0.04830917874396135
8,0.04830917874396135
9,0.057971014492753624
10,0.057971014492753624
11,0.057971014492753624
12,0.057971014492753624
13,0.057971014492753624
14,0.057971014492753624
15,0.057971014492753624
16,0.057971014492753624
17,0.057971014492753624
18,0.057971014492753624
19,0.057971014492753624
20,0.057971014492753624
21,0.057971014492753624
22,0.057971014492753624
23,0.057971014492753624
24,0.057971014492753624
25,0.057971014492753624
26,0.057971014492753624
27,0.06763285024154589
28,0.06763285024154589
29,0.06763285024154589
30,0.06763285024154589
31,0.06763285024154589
32,0.06763285024154589
33,0.06763285024154589
34,0.06763285024154589
35,0.06763285024154589
36,0.06763285024154589
37,0.06763285024154589
38,0.06763285024154589
39,0.06763285024154589
40,0.06763285024154589
41,0.06763285024154589
42,0.06763285024154589
43,0.06763285024154589
44,0.06763285024154589
45,0.06763285024154589
46,0.06763285024154589
47,0.06763285024154589
48,0.06763285024154589
49,0.06763285024154589
50,0.06763285024154589
51,0.06763285024154589
52,0.06763285024154589
53,0.06763285024154589
54,0.06763285024154589
55,0.06763285024154589
56,0.06763285024154589
57,0.06763285024154589
58,0.06763285024154589
59,0.06763285024154589
60,0.06763285024154589
61,0.06763285024154589
62,0.06763285024154589
63,0.06763285024154589
64,0.06763285024154589
65,0.06763285024154589
66,0.06763285024154589
67,0.06763285024154589
68,0.06763285024154589
69,0.06763285024154589
70,0.06763285024154589
71,0.06763285024154589
72,0.06763285024154589
73,0.06763285024154589
74,0.06763285024154589
75,0.06763285024154589
76,0.06763285024154589
77,0.06763285024154589
78,0.06763285024154589
79,0.06763285024154589
80,0.06763285024154589
81,0.06763285024154589
82,0.06763285024154589
83,0.06763285024154589
84,0.06763285024154589
85,0.06763285024154589
86,0.06763285024154589
87,0.06763285024154589
88,0.06763285024154589
89,0.06763285024154589
90,0.06763285024154589
91,0.06763285024154589
92,0.06763285024154589
93,0.06763285024154589
94,0.06763285024154589
95,0.06763285024154589
96,0.06763285024154589
97,0.06763285024154589
98,0.06763285024154589
99,0.06763285024154589
100,0.06763285024154589
