0,0.00966183574879227
1,0.01932367149758454
2,0.01932367149758454
3,0.024154589371980676
4,0.028985507246376812
5,0.06280193236714976
6,0.07246376811594203
7,0.07246376811594203
8,0.0821256038647343
9,0.0821256038647343
10,0.0821256038647343
11,0.0821256038647343
12,0.0821256038647343
13,0.0821256038647343
14,0.0821256038647343
15,0.0821256038647343
16,0.0821256038647343
17,0.0821256038647343
18,0.08695652173913043
19,0.08695652173913043
20,0.08695652173913043
21,0.08695652173913043
22,0.08695652173913043
23,0.08695652173913043
24,0.08695652173913043
25,0.08695652173913043
26,0.08695652173913043
27,0.08695652173913043
28,0.08695652173913043
29,0.08695652173913043
30,0.08695652173913043
31,0.08695652173913043
32,0.08695652173913043
33,0.08695652173913043
34,0.09178743961352658
35,0.09178743961352658
36,0.09178743961352658
37,0.09178743961352658
38,0.09178743961352658
