0,0.00966183574879227
1,0.028985507246376812
2,0.028985507246376812
3,0.028985507246376812
4,0.033816425120772944
5,0.043478260869565216
6,0.04830917874396135
7,0.057971014492753624
8,0.06763285024154589
9,0.06763285024154589
10,0.06763285024154589
11,0.06763285024154589
12,0.06763285024154589
13,0.06763285024154589
14,0.06763285024154589
15,0.07246376811594203
16,0.07729468599033816
17,0.07729468599033816
18,0.07729468599033816
19,0.07729468599033816
20,0.08695652173913043
21,0.09178743961352658
22,0.09178743961352658
23,0.09178743961352658
24,0.09178743961352658
25,0.09178743961352658
26,0.11594202898550725
27,0.11594202898550725
28,0.11594202898550725
29,0.11594202898550725
30,0.11594202898550725
31,0.11594202898550725
32,0.11594202898550725
33,0.11594202898550725
34,0.11594202898550725
35,0.11594202898550725
36,0.11594202898550725
37,0.11594202898550725
38,0.11594202898550725
39,0.11594202898550725
40,0.12560386473429952
41,0.12560386473429952
42,0.12560386473429952
43,0.12560386473429952
44,0.12560386473429952
