0,0.0
1,0.0
2,0.0
3,0.0
4,0.0
5,0.0
6,0.0
7,0.0
8,0.0
9,0.00966183574879227
10,0.00966183574879227
11,0.00966183574879227
12,0.00966183574879227
13,0.00966183574879227
14,0.00966183574879227
15,0.00966183574879227
16,0.00966183574879227
17,0.00966183574879227
18,0.00966183574879227
19,0.00966183574879227
20,0.00966183574879227
21,0.00966183574879227
22,0.00966183574879227
23,0.00966183574879227
24,0.00966183574879227
25,0.00966183574879227
26,0.00966183574879227
27,0.00966183574879227
28,0.00966183574879227
29,0.00966183574879227
30,0.00966183574879227
31,0.014492753623188406
32,0.014492753623188406
33,0.014492753623188406
34,0.014492753623188406
35,0.014492753623188406
36,0.014492753623188406
37,0.033816425120772944
38,0.033816425120772944
39,0.033816425120772944
40,0.033816425120772944
41,0.033816425120772944
42,0.033816425120772944
43,0.033816425120772944
44,0.033816425120772944
45,0.033816425120772944
46,0.033816425120772944
47,0.033816425120772944
48,0.033816425120772944
49,0.033816425120772944
50,0.033816425120772944
51,0.033816425120772944
52,0.033816425120772944
53,0.033816425120772944
54,0.033816425120772944
55,0.033816425120772944
56,0.033816425120772944
57,0.033816425120772944
58,0.033816425120772944
59,0.033816425120772944
60,0.033816425120772944
61,0.033816425120772944
62,0.033816425120772944
63,0.033816425120772944
64,0.033816425120772944
65,0.033816425120772944
66,0.033816425120772944
67,0.033816425120772944
68,0.033816425120772944
69,0.033816425120772944
70,0.033816425120772944
71,0.033816425120772944
72,0.033816425120772944
73,0.033816425120772944
74,0.033816425120772944
75,0.033816425120772944
76,0.033816425120772944
77,0.033816425120772944
78,0.033816425120772944
79,0.033816425120772944
80,0.033816425120772944
81,0.033816425120772944
82,0.033816425120772944
83,0.033816425120772944
84,0.033816425120772944
85,0.043478260869565216
86,0.043478260869565216
87,0.06763285024154589
88,0.06763285024154589
89,0.0821256038647343
90,0.0821256038647343
91,0.0821256038647343
92,0.0821256038647343
93,0.0821256038647343
94,0.0821256038647343
95,0.0821256038647343
96,0.0821256038647343
97,0.0821256038647343
98,0.0821256038647343
99,0.0821256038647343
100,0.0821256038647343
