0,0.03864734299516908
1,0.043478260869565216
2,0.043478260869565216
3,0.13526570048309178
4,0.13526570048309178
5,0.13526570048309178
6,0.15458937198067632
7,0.15458937198067632
8,0.15458937198067632
9,0.15458937198067632
10,0.15458937198067632
11,0.15458937198067632
12,0.15458937198067632
13,0.15458937198067632
14,0.15942028985507245
15,0.15942028985507245
16,0.15942028985507245
17,0.15942028985507245
18,0.15942028985507245
19,0.16908212560386474
20,0.16908212560386474
21,0.16908212560386474
22,0.16908212560386474
23,0.16908212560386474
24,0.16908212560386474
25,0.16908212560386474
26,0.16908212560386474
27,0.17391304347826086
28,0.17391304347826086
29,0.17391304347826086
30,0.17391304347826086
31,0.17391304347826086
32,0.17391304347826086
33,0.17391304347826086
34,0.17391304347826086
35,0.17391304347826086
36,0.17391304347826086
37,0.17391304347826086
38,0.17391304347826086
39,0.17391304347826086
40,0.17391304347826086
41,0.17391304347826086
42,0.17391304347826086
43,0.17391304347826086
44,0.17391304347826086
45,0.17391304347826086
46,0.17391304347826086
47,0.17391304347826086
48,0.17391304347826086
49,0.17391304347826086
50,0.17391304347826086
51,0.17391304347826086
52,0.17391304347826086
53,0.17391304347826086
54,0.17391304347826086
55,0.17391304347826086
56,0.17391304347826086
57,0.17391304347826086
58,0.17391304347826086
59,0.17391304347826086
60,0.17391304347826086
61,0.17391304347826086
62,0.17391304347826086
63,0.17391304347826086
64,0.17391304347826086
65,0.17391304347826086
66,0.17391304347826086
67,0.17391304347826086
68,0.17391304347826086
69,0.17391304347826086
70,0.17391304347826086
71,0.17391304347826086
72,0.17391304347826086
73,0.17391304347826086
74,0.17391304347826086
75,0.17391304347826086
76,0.17391304347826086
77,0.17391304347826086
78,0.17391304347826086
79,0.17391304347826086
80,0.17391304347826086
81,0.17391304347826086
82,0.17391304347826086
83,0.17391304347826086
84,0.17391304347826086
85,0.17391304347826086
86,0.17391304347826086
87,0.17391304347826086
88,0.17391304347826086
89,0.17391304347826086
90,0.17391304347826086
91,0.17391304347826086
92,0.17391304347826086
93,0.17391304347826086
94,0.17391304347826086
95,0.17391304347826086
96,0.17391304347826086
97,0.17391304347826086
98,0.17391304347826086
99,0.17391304347826086
100,0.17391304347826086
