0,0.014492753623188406
1,0.057971014492753624
2,0.10628019323671498
3,0.15942028985507245
4,0.19806763285024154
5,0.20772946859903382
6,0.2222222222222222
7,0.2222222222222222
8,0.2222222222222222
9,0.2222222222222222
10,0.2222222222222222
11,0.25120772946859904
12,0.25120772946859904
13,0.25120772946859904
14,0.25120772946859904
15,0.25120772946859904
16,0.25120772946859904
17,0.25120772946859904
18,0.25120772946859904
19,0.25120772946859904
20,0.25120772946859904
21,0.25120772946859904
22,0.25120772946859904
23,0.25120772946859904
24,0.25120772946859904
25,0.25120772946859904
26,0.25120772946859904
27,0.25120772946859904
28,0.25120772946859904
29,0.25120772946859904
30,0.25120772946859904
31,0.25120772946859904
32,0.25120772946859904
33,0.25120772946859904
34,0.25120772946859904
35,0.25120772946859904
36,0.25120772946859904
37,0.25120772946859904
38,0.25120772946859904
39,0.25120772946859904
40,0.25120772946859904
41,0.25120772946859904
42,0.25120772946859904
43,0.25120772946859904
44,0.25120772946859904
45,0.25120772946859904
46,0.25120772946859904
47,0.25120772946859904
48,0.25120772946859904
49,0.25120772946859904
50,0.25120772946859904
51,0.25120772946859904
52,0.25120772946859904
53,0.25120772946859904
54,0.25120772946859904
55,0.25120772946859904
56,0.25120772946859904
57,0.25120772946859904
58,0.25120772946859904
59,0.25120772946859904
60,0.25120772946859904
61,0.25120772946859904
62,0.25120772946859904
63,0.25120772946859904
64,0.25120772946859904
65,0.25120772946859904
66,0.25120772946859904
67,0.25120772946859904
68,0.25120772946859904
69,0.25120772946859904
70,0.25120772946859904
71,0.2560386473429952
72,0.2560386473429952
73,0.2560386473429952
74,0.2560386473429952
75,0.2560386473429952
76,0.2560386473429952
77,0.2560386473429952
78,0.2560386473429952
79,0.2560386473429952
80,0.2560386473429952
81,0.2560386473429952
82,0.2560386473429952
83,0.2560386473429952
84,0.2560386473429952
85,0.2560386473429952
86,0.2560386473429952
87,0.2560386473429952
88,0.2560386473429952
89,0.2560386473429952
90,0.2560386473429952
91,0.2560386473429952
92,0.2560386473429952
93,0.2560386473429952
94,0.2560386473429952
95,0.2560386473429952
96,0.2560386473429952
97,0.2560386473429952
98,0.2560386473429952
99,0.2560386473429952
100,0.2560386473429952
