0,0.00966183574879227
1,0.01932367149758454
2,0.028985507246376812
3,0.028985507246376812
4,0.03864734299516908
5,0.03864734299516908
6,0.03864734299516908
7,0.03864734299516908
8,0.03864734299516908
9,0.03864734299516908
10,0.03864734299516908
11,0.03864734299516908
12,0.03864734299516908
13,0.03864734299516908
14,0.03864734299516908
15,0.03864734299516908
16,0.03864734299516908
17,0.03864734299516908
18,0.03864734299516908
19,0.03864734299516908
20,0.03864734299516908
21,0.03864734299516908
22,0.03864734299516908
23,0.03864734299516908
24,0.03864734299516908
25,0.05314009661835749
26,0.05314009661835749
27,0.05314009661835749
28,0.05314009661835749
29,0.05314009661835749
30,0.05314009661835749
31,0.05314009661835749
32,0.05314009661835749
33,0.05314009661835749
34,0.05314009661835749
35,0.05314009661835749
36,0.05314009661835749
37,0.05314009661835749
38,0.05314009661835749
39,0.05314009661835749
40,0.05314009661835749
41,0.05314009661835749
42,0.05314009661835749
43,0.05314009661835749
44,0.05314009661835749
45,0.05314009661835749
46,0.05314009661835749
47,0.05314009661835749
48,0.05314009661835749
49,0.05314009661835749
50,0.05314009661835749
51,0.05314009661835749
52,0.05314009661835749
53,0.05314009661835749
54,0.05314009661835749
55,0.05314009661835749
56,0.05314009661835749
57,0.05314009661835749
58,0.05314009661835749
59,0.05314009661835749
60,0.05314009661835749
61,0.05314009661835749
62,0.05314009661835749
63,0.05314009661835749
64,0.05314009661835749
65,0.05314009661835749
66,0.05314009661835749
67,0.05314009661835749
68,0.05314009661835749
