0,0.0
1,0.0
2,0.0
3,0.0
4,0.0
5,0.0
6,0.0
7,0.0
8,0.0
9,0.00966183574879227
10,0.00966183574879227
11,0.00966183574879227
12,0.00966183574879227
13,0.00966183574879227
14,0.00966183574879227
15,0.00966183574879227
16,0.00966183574879227
17,0.028985507246376812
18,0.04830917874396135
19,0.04830917874396135
20,0.04830917874396135
21,0.04830917874396135
22,0.06763285024154589
23,0.06763285024154589
24,0.07246376811594203
25,0.07729468599033816
26,0.07729468599033816
27,0.08695652173913043
28,0.08695652173913043
29,0.08695652173913043
30,0.08695652173913043
31,0.10144927536231885
32,0.11594202898550725
33,0.11594202898550725
34,0.11594202898550725
35,0.11594202898550725
36,0.11594202898550725
37,0.11594202898550725
38,0.11594202898550725
39,0.11594202898550725
40,0.11594202898550725
41,0.11594202898550725
42,0.11594202898550725
43,0.11594202898550725
44,0.11594202898550725
45,0.11594202898550725
46,0.11594202898550725
47,0.11594202898550725
48,0.11594202898550725
49,0.11594202898550725
50,0.11594202898550725
51,0.11594202898550725
52,0.11594202898550725
53,0.11594202898550725
54,0.11594202898550725
55,0.11594202898550725
56,0.11594202898550725
57,0.11594202898550725
58,0.11594202898550725
59,0.11594202898550725
60,0.11594202898550725
61,0.11594202898550725
62,0.11594202898550725
63,0.11594202898550725
64,0.11594202898550725
65,0.11594202898550725
66,0.11594202898550725
67,0.11594202898550725
68,0.11594202898550725
69,0.11594202898550725
70,0.11594202898550725
71,0.11594202898550725
72,0.11594202898550725
73,0.11594202898550725
74,0.11594202898550725
75,0.11594202898550725
76,0.11594202898550725
77,0.11594202898550725
78,0.11594202898550725
79,0.11594202898550725
80,0.14492753623188406
81,0.14492753623188406
82,0.14492753623188406
83,0.14492753623188406
84,0.14492753623188406
85,0.14492753623188406
86,0.14492753623188406
87,0.14492753623188406
88,0.14492753623188406
89,0.14492753623188406
90,0.14492753623188406
91,0.14492753623188406
92,0.14492753623188406
93,0.14492753623188406
94,0.14492753623188406
95,0.14492753623188406
96,0.14492753623188406
97,0.14492753623188406
98,0.14492753623188406
99,0.14492753623188406
100,0.14492753623188406
