0,0.00966183574879227
1,0.00966183574879227
2,0.00966183574879227
3,0.00966183574879227
4,0.00966183574879227
5,0.00966183574879227
6,0.014492753623188406
7,0.014492753623188406
8,0.014492753623188406
9,0.014492753623188406
10,0.014492753623188406
11,0.014492753623188406
12,0.014492753623188406
13,0.014492753623188406
14,0.014492753623188406
15,0.014492753623188406
16,0.014492753623188406
17,0.014492753623188406
18,0.014492753623188406
19,0.014492753623188406
20,0.014492753623188406
21,0.014492753623188406
22,0.014492753623188406
23,0.014492753623188406
24,0.014492753623188406
25,0.014492753623188406
26,0.01932367149758454
27,0.01932367149758454
28,0.01932367149758454
29,0.01932367149758454
30,0.01932367149758454
31,0.01932367149758454
32,0.01932367149758454
33,0.01932367149758454
34,0.01932367149758454
35,0.01932367149758454
36,0.01932367149758454
37,0.01932367149758454
38,0.01932367149758454
39,0.01932367149758454
40,0.01932367149758454
41,0.01932367149758454
42,0.01932367149758454
43,0.01932367149758454
44,0.028985507246376812
45,0.028985507246376812
46,0.028985507246376812
47,0.028985507246376812
48,0.028985507246376812
49,0.028985507246376812
50,0.028985507246376812
51,0.028985507246376812
52,0.028985507246376812
53,0.028985507246376812
54,0.028985507246376812
55,0.028985507246376812
56,0.028985507246376812
57,0.028985507246376812
58,0.028985507246376812
59,0.028985507246376812
60,0.028985507246376812
61,0.028985507246376812
62,0.028985507246376812
63,0.028985507246376812
64,0.028985507246376812
65,0.028985507246376812
66,0.028985507246376812
67,0.028985507246376812
68,0.028985507246376812
69,0.028985507246376812
70,0.028985507246376812
71,0.028985507246376812
72,0.028985507246376812
73,0.028985507246376812
74,0.028985507246376812
75,0.028985507246376812
76,0.028985507246376812
77,0.028985507246376812
78,0.028985507246376812
79,0.033816425120772944
80,0.04830917874396135
81,0.04830917874396135
82,0.04830917874396135
83,0.04830917874396135
84,0.04830917874396135
85,0.04830917874396135
86,0.04830917874396135
87,0.04830917874396135
88,0.04830917874396135
89,0.04830917874396135
90,0.04830917874396135
91,0.04830917874396135
92,0.04830917874396135
93,0.04830917874396135
94,0.04830917874396135
95,0.04830917874396135
96,0.04830917874396135
97,0.04830917874396135
98,0.04830917874396135
99,0.04830917874396135
100,0.04830917874396135
