0,0.028985507246376812
1,0.043478260869565216
2,0.04830917874396135
3,0.06280193236714976
4,0.06280193236714976
5,0.07246376811594203
6,0.07246376811594203
7,0.07246376811594203
8,0.07246376811594203
9,0.07246376811594203
10,0.07246376811594203
11,0.07246376811594203
12,0.07246376811594203
13,0.07246376811594203
14,0.07246376811594203
15,0.07246376811594203
16,0.07246376811594203
17,0.07246376811594203
18,0.07246376811594203
19,0.07246376811594203
20,0.07246376811594203
21,0.07246376811594203
22,0.07246376811594203
23,0.0821256038647343
24,0.0821256038647343
25,0.0821256038647343
26,0.09178743961352658
27,0.09178743961352658
28,0.09178743961352658
29,0.09178743961352658
30,0.09178743961352658
31,0.09178743961352658
32,0.09178743961352658
33,0.09178743961352658
34,0.09178743961352658
35,0.09178743961352658
36,0.09178743961352658
37,0.09178743961352658
38,0.10144927536231885
39,0.10144927536231885
40,0.10144927536231885
41,0.10144927536231885
42,0.10144927536231885
43,0.11594202898550725
44,0.11594202898550725
45,0.11594202898550725
46,0.11594202898550725
47,0.11594202898550725
48,0.11594202898550725
49,0.11594202898550725
50,0.11594202898550725
51,0.11594202898550725
52,0.11594202898550725
53,0.11594202898550725
54,0.11594202898550725
55,0.11594202898550725
56,0.11594202898550725
57,0.11594202898550725
58,0.11594202898550725
59,0.11594202898550725
60,0.11594202898550725
61,0.11594202898550725
62,0.11594202898550725
63,0.11594202898550725
64,0.11594202898550725
65,0.11594202898550725
66,0.11594202898550725
67,0.11594202898550725
68,0.11594202898550725
69,0.11594202898550725
70,0.11594202898550725
71,0.11594202898550725
72,0.11594202898550725
73,0.11594202898550725
74,0.11594202898550725
