0,0.0
1,0.0
2,0.0
3,0.0
4,0.0
5,0.0
6,0.0
7,0.0
8,0.0
9,0.0
10,0.0
11,0.07729468599033816
12,0.07729468599033816
13,0.07729468599033816
14,0.07729468599033816
15,0.07729468599033816
16,0.07729468599033816
17,0.0966183574879227
18,0.0966183574879227
19,0.10628019323671498
20,0.10628019323671498
21,0.10628019323671498
22,0.10628019323671498
23,0.10628019323671498
24,0.10628019323671498
25,0.10628019323671498
26,0.10628019323671498
27,0.10628019323671498
28,0.1111111111111111
29,0.1111111111111111
30,0.1111111111111111
31,0.1111111111111111
32,0.1111111111111111
33,0.1111111111111111
34,0.1111111111111111
35,0.1111111111111111
36,0.1111111111111111
37,0.1111111111111111
38,0.1111111111111111
39,0.1111111111111111
40,0.1111111111111111
41,0.1111111111111111
42,0.1111111111111111
43,0.1111111111111111
44,0.1111111111111111
45,0.1111111111111111
46,0.1111111111111111
47,0.1111111111111111
48,0.1111111111111111
49,0.1111111111111111
50,0.1111111111111111
51,0.1111111111111111
52,0.1111111111111111
53,0.1111111111111111
54,0.1111111111111111
55,0.1497584541062802
56,0.1497584541062802
57,0.1497584541062802
58,0.1497584541062802
59,0.1497584541062802
60,0.1497584541062802
61,0.1497584541062802
62,0.1497584541062802
63,0.1497584541062802
64,0.1497584541062802
65,0.1497584541062802
66,0.1497584541062802
67,0.1497584541062802
68,0.1497584541062802
69,0.1497584541062802
70,0.1497584541062802
71,0.1497584541062802
72,0.1497584541062802
73,0.1497584541062802
74,0.1497584541062802
75,0.1497584541062802
76,0.1497584541062802
77,0.1497584541062802
78,0.1497584541062802
79,0.1497584541062802
80,0.1497584541062802
81,0.1497584541062802
82,0.1497584541062802
83,0.1497584541062802
84,0.1497584541062802
85,0.1497584541062802
86,0.1497584541062802
87,0.1497584541062802
88,0.1497584541062802
89,0.1497584541062802
90,0.1497584541062802
91,0.1497584541062802
92,0.1497584541062802
93,0.1497584541062802
94,0.1497584541062802
95,0.1497584541062802
96,0.1497584541062802
97,0.1497584541062802
98,0.1497584541062802
99,0.1497584541062802
100,0.1497584541062802
