0,0.01932367149758454
1,0.033816425120772944
2,0.03864734299516908
3,0.03864734299516908
4,0.05314009661835749
5,0.05314009661835749
6,0.057971014492753624
7,0.057971014492753624
8,0.057971014492753624
9,0.057971014492753624
10,0.057971014492753624
11,0.06280193236714976
12,0.06280193236714976
13,0.06280193236714976
14,0.06280193236714976
15,0.06280193236714976
16,0.06280193236714976
17,0.06280193236714976
18,0.06280193236714976
19,0.06280193236714976
20,0.06280193236714976
21,0.06280193236714976
22,0.06280193236714976
23,0.06280193236714976
24,0.06280193236714976
25,0.06280193236714976
26,0.06280193236714976
27,0.06280193236714976
28,0.06763285024154589
29,0.06763285024154589
30,0.06763285024154589
31,0.06763285024154589
32,0.06763285024154589
33,0.06763285024154589
34,0.06763285024154589
35,0.06763285024154589
36,0.06763285024154589
37,0.07729468599033816
38,0.07729468599033816
39,0.07729468599033816
40,0.07729468599033816
41,0.07729468599033816
42,0.07729468599033816
43,0.07729468599033816
44,0.07729468599033816
45,0.07729468599033816
46,0.07729468599033816
47,0.07729468599033816
48,0.07729468599033816
49,0.07729468599033816
50,0.07729468599033816
51,0.07729468599033816
52,0.07729468599033816
53,0.07729468599033816
54,0.07729468599033816
55,0.07729468599033816
56,0.07729468599033816
57,0.07729468599033816
58,0.07729468599033816
59,0.07729468599033816
60,0.07729468599033816
61,0.07729468599033816
62,0.07729468599033816
63,0.07729468599033816
64,0.07729468599033816
65,0.07729468599033816
66,0.07729468599033816
