0,0.014492753623188406
1,0.014492753623188406
2,0.014492753623188406
3,0.01932367149758454
4,0.024154589371980676
5,0.028985507246376812
6,0.028985507246376812
7,0.028985507246376812
8,0.03864734299516908
9,0.03864734299516908
10,0.043478260869565216
11,0.043478260869565216
12,0.043478260869565216
13,0.057971014492753624
14,0.057971014492753624
15,0.057971014492753624
16,0.057971014492753624
17,0.057971014492753624
18,0.057971014492753624
19,0.057971014492753624
20,0.057971014492753624
21,0.057971014492753624
22,0.057971014492753624
23,0.057971014492753624
24,0.057971014492753624
25,0.057971014492753624
26,0.057971014492753624
27,0.057971014492753624
28,0.057971014492753624
29,0.057971014492753624
30,0.057971014492753624
31,0.057971014492753624
32,0.057971014492753624
33,0.057971014492753624
34,0.057971014492753624
35,0.057971014492753624
36,0.057971014492753624
37,0.057971014492753624
38,0.057971014492753624
39,0.057971014492753624
40,0.057971014492753624
41,0.057971014492753624
42,0.057971014492753624
43,0.057971014492753624
44,0.057971014492753624
45,0.057971014492753624
46,0.057971014492753624
47,0.057971014492753624
48,0.057971014492753624
49,0.057971014492753624
50,0.057971014492753624
51,0.057971014492753624
52,0.057971014492753624
53,0.057971014492753624
54,0.057971014492753624
55,0.057971014492753624
56,0.057971014492753624
57,0.057971014492753624
58,0.057971014492753624
59,0.057971014492753624
60,0.057971014492753624
61,0.057971014492753624
62,0.057971014492753624
63,0.057971014492753624
64,0.057971014492753624
65,0.057971014492753624
66,0.057971014492753624
67,0.057971014492753624
68,0.057971014492753624
69,0.057971014492753624
70,0.057971014492753624
71,0.057971014492753624
72,0.057971014492753624
73,0.057971014492753624
74,0.057971014492753624
75,0.057971014492753624
76,0.057971014492753624
77,0.057971014492753624
78,0.057971014492753624
79,0.057971014492753624
80,0.06280193236714976
81,0.06280193236714976
