0,0.0
1,0.0
2,0.0
3,0.0
4,0.0
5,0.0
6,0.0
7,0.0
8,0.0
9,0.0
10,0.0
11,0.0
12,0.0
13,0.00966183574879227
14,0.00966183574879227
15,0.00966183574879227
16,0.00966183574879227
17,0.00966183574879227
18,0.00966183574879227
19,0.00966183574879227
20,0.00966183574879227
21,0.00966183574879227
22,0.014492753623188406
23,0.014492753623188406
24,0.014492753623188406
25,0.01932367149758454
26,0.024154589371980676
27,0.024154589371980676
28,0.024154589371980676
29,0.024154589371980676
30,0.024154589371980676
31,0.024154589371980676
32,0.024154589371980676
33,0.024154589371980676
34,0.033816425120772944
35,0.03864734299516908
36,0.03864734299516908
37,0.05314009661835749
38,0.05314009661835749
39,0.09178743961352658
40,0.09178743961352658
41,0.10144927536231885
42,0.11594202898550725
43,0.11594202898550725
44,0.11594202898550725
45,0.11594202898550725
46,0.11594202898550725
47,0.11594202898550725
48,0.12560386473429952
49,0.12560386473429952
50,0.14009661835748793
51,0.14009661835748793
52,0.178743961352657
53,0.178743961352657
54,0.178743961352657
55,0.178743961352657
56,0.178743961352657
