0,0.04830917874396135
1,0.0821256038647343
2,0.0966183574879227
3,0.15458937198067632
4,0.18840579710144928
5,0.19806763285024154
6,0.2028985507246377
7,0.2028985507246377
8,0.2028985507246377
9,0.2222222222222222
10,0.2222222222222222
11,0.2222222222222222
12,0.2222222222222222
13,0.2222222222222222
14,0.2222222222222222
15,0.2318840579710145
16,0.2318840579710145
17,0.2318840579710145
18,0.2318840579710145
19,0.23671497584541062
20,0.23671497584541062
21,0.23671497584541062
22,0.23671497584541062
23,0.23671497584541062
24,0.23671497584541062
25,0.24154589371980675
26,0.2560386473429952
27,0.2560386473429952
28,0.26570048309178745
29,0.26570048309178745
30,0.26570048309178745
31,0.26570048309178745
32,0.26570048309178745
33,0.26570048309178745
34,0.26570048309178745
35,0.26570048309178745
36,0.2898550724637681
37,0.2898550724637681
38,0.2898550724637681
39,0.2898550724637681
40,0.2898550724637681
41,0.2898550724637681
42,0.2898550724637681
43,0.2898550724637681
44,0.2898550724637681
45,0.2898550724637681
46,0.2898550724637681
47,0.2898550724637681
48,0.2898550724637681
49,0.2898550724637681
50,0.2898550724637681
51,0.2898550724637681
52,0.2898550724637681
53,0.2898550724637681
54,0.2898550724637681
55,0.2898550724637681
56,0.2898550724637681
