0,0.00966183574879227
1,0.00966183574879227
2,0.014492753623188406
3,0.014492753623188406
4,0.014492753623188406
5,0.014492753623188406
6,0.014492753623188406
7,0.014492753623188406
8,0.014492753623188406
9,0.014492753623188406
10,0.014492753623188406
11,0.03864734299516908
12,0.03864734299516908
13,0.057971014492753624
14,0.057971014492753624
15,0.057971014492753624
16,0.057971014492753624
17,0.057971014492753624
18,0.057971014492753624
19,0.057971014492753624
20,0.057971014492753624
21,0.057971014492753624
22,0.06280193236714976
23,0.06280193236714976
24,0.06280193236714976
25,0.06280193236714976
26,0.06280193236714976
27,0.06280193236714976
28,0.06280193236714976
29,0.06280193236714976
30,0.06280193236714976
31,0.06280193236714976
32,0.07246376811594203
33,0.07246376811594203
34,0.07246376811594203
35,0.07246376811594203
36,0.07246376811594203
37,0.07246376811594203
38,0.07246376811594203
39,0.07246376811594203
40,0.07246376811594203
41,0.07246376811594203
42,0.07246376811594203
43,0.07246376811594203
44,0.07246376811594203
45,0.07246376811594203
46,0.07246376811594203
47,0.07246376811594203
48,0.07246376811594203
49,0.07246376811594203
50,0.07246376811594203
51,0.07246376811594203
52,0.07246376811594203
53,0.07246376811594203
54,0.07246376811594203
55,0.07246376811594203
56,0.07246376811594203
57,0.07246376811594203
58,0.07246376811594203
59,0.07246376811594203
60,0.07246376811594203
61,0.07246376811594203
62,0.0821256038647343
63,0.0821256038647343
64,0.0821256038647343
65,0.0821256038647343
66,0.0821256038647343
67,0.0821256038647343
68,0.0821256038647343
69,0.0821256038647343
70,0.0821256038647343
71,0.0821256038647343
72,0.0821256038647343
73,0.0821256038647343
74,0.0821256038647343
75,0.0821256038647343
76,0.0821256038647343
77,0.0821256038647343
78,0.0821256038647343
79,0.0821256038647343
80,0.0821256038647343
81,0.0821256038647343
82,0.0821256038647343
83,0.0821256038647343
84,0.0821256038647343
85,0.0821256038647343
86,0.0821256038647343
87,0.0821256038647343
88,0.0821256038647343
89,0.0821256038647343
90,0.0821256038647343
91,0.0821256038647343
92,0.0821256038647343
93,0.0821256038647343
94,0.0821256038647343
95,0.0821256038647343
96,0.0821256038647343
97,0.0821256038647343
98,0.0821256038647343
99,0.0821256038647343
100,0.0821256038647343
