0,0.00966183574879227
1,0.033816425120772944
2,0.033816425120772944
3,0.033816425120772944
4,0.043478260869565216
5,0.043478260869565216
6,0.07729468599033816
7,0.07729468599033816
8,0.09178743961352658
9,0.09178743961352658
10,0.09178743961352658
11,0.10144927536231885
12,0.10628019323671498
13,0.10628019323671498
14,0.13526570048309178
15,0.14009661835748793
16,0.14492753623188406
17,0.1497584541062802
18,0.1497584541062802
19,0.1497584541062802
20,0.1497584541062802
21,0.1497584541062802
22,0.1497584541062802
23,0.1642512077294686
24,0.1642512077294686
25,0.1932367149758454
26,0.1932367149758454
27,0.1932367149758454
28,0.1932367149758454
29,0.2318840579710145
30,0.2318840579710145
31,0.2318840579710145
32,0.2318840579710145
33,0.2318840579710145
34,0.2318840579710145
35,0.2318840579710145
36,0.2318840579710145
37,0.2318840579710145
38,0.2318840579710145
39,0.2318840579710145
40,0.2318840579710145
41,0.2318840579710145
42,0.2318840579710145
43,0.23671497584541062
44,0.23671497584541062
45,0.23671497584541062
46,0.23671497584541062
47,0.23671497584541062
48,0.23671497584541062
49,0.23671497584541062
50,0.23671497584541062
51,0.23671497584541062
52,0.23671497584541062
53,0.23671497584541062
54,0.23671497584541062
55,0.23671497584541062
56,0.23671497584541062
57,0.2463768115942029
58,0.2463768115942029
59,0.2463768115942029
60,0.2463768115942029
61,0.2463768115942029
62,0.2463768115942029
63,0.2463768115942029
64,0.2463768115942029
65,0.2463768115942029
66,0.2463768115942029
67,0.2463768115942029
68,0.2463768115942029
69,0.2463768115942029
70,0.2463768115942029
71,0.2463768115942029
72,0.2463768115942029
73,0.2463768115942029
74,0.25120772946859904
75,0.25120772946859904
76,0.2608695652173913
77,0.2608695652173913
78,0.2608695652173913
