0,0.00966183574879227
1,0.014492753623188406
2,0.014492753623188406
3,0.014492753623188406
4,0.014492753623188406
5,0.014492753623188406
6,0.014492753623188406
7,0.014492753623188406
8,0.014492753623188406
9,0.014492753623188406
10,0.014492753623188406
11,0.01932367149758454
12,0.01932367149758454
13,0.01932367149758454
14,0.01932367149758454
15,0.01932367149758454
16,0.01932367149758454
17,0.01932367149758454
18,0.01932367149758454
19,0.01932367149758454
20,0.01932367149758454
21,0.01932367149758454
22,0.01932367149758454
23,0.01932367149758454
24,0.01932367149758454
25,0.01932367149758454
26,0.01932367149758454
27,0.01932367149758454
28,0.01932367149758454
29,0.01932367149758454
30,0.01932367149758454
31,0.01932367149758454
32,0.01932367149758454
33,0.01932367149758454
34,0.01932367149758454
35,0.01932367149758454
36,0.01932367149758454
37,0.01932367149758454
38,0.01932367149758454
39,0.01932367149758454
40,0.024154589371980676
41,0.024154589371980676
42,0.024154589371980676
43,0.024154589371980676
44,0.024154589371980676
45,0.024154589371980676
46,0.024154589371980676
47,0.024154589371980676
48,0.024154589371980676
49,0.028985507246376812
50,0.028985507246376812
51,0.028985507246376812
52,0.028985507246376812
53,0.028985507246376812
54,0.028985507246376812
55,0.028985507246376812
56,0.028985507246376812
57,0.028985507246376812
58,0.028985507246376812
59,0.028985507246376812
60,0.028985507246376812
61,0.028985507246376812
62,0.028985507246376812
63,0.028985507246376812
64,0.028985507246376812
65,0.028985507246376812
66,0.028985507246376812
67,0.028985507246376812
68,0.028985507246376812
69,0.028985507246376812
70,0.028985507246376812
71,0.028985507246376812
72,0.028985507246376812
73,0.028985507246376812
74,0.028985507246376812
75,0.028985507246376812
76,0.028985507246376812
77,0.028985507246376812
78,0.028985507246376812
79,0.028985507246376812
