0,0.03864734299516908
1,0.05314009661835749
2,0.05314009661835749
3,0.09178743961352658
4,0.09178743961352658
5,0.12560386473429952
6,0.12560386473429952
7,0.12560386473429952
8,0.178743961352657
9,0.178743961352657
10,0.178743961352657
11,0.178743961352657
12,0.178743961352657
13,0.178743961352657
14,0.178743961352657
15,0.178743961352657
16,0.178743961352657
17,0.178743961352657
18,0.178743961352657
19,0.178743961352657
20,0.178743961352657
21,0.178743961352657
22,0.178743961352657
23,0.178743961352657
24,0.178743961352657
25,0.178743961352657
26,0.178743961352657
27,0.178743961352657
28,0.18357487922705315
29,0.19806763285024154
30,0.19806763285024154
31,0.19806763285024154
32,0.19806763285024154
33,0.19806763285024154
34,0.19806763285024154
35,0.19806763285024154
36,0.19806763285024154
37,0.19806763285024154
38,0.19806763285024154
39,0.19806763285024154
40,0.20772946859903382
41,0.20772946859903382
42,0.24154589371980675
43,0.24154589371980675
44,0.24154589371980675
45,0.25120772946859904
46,0.25120772946859904
47,0.25120772946859904
48,0.25120772946859904
49,0.25120772946859904
