0,0.01932367149758454
1,0.028985507246376812
2,0.03864734299516908
3,0.03864734299516908
4,0.04830917874396135
5,0.05314009661835749
6,0.06763285024154589
7,0.06763285024154589
8,0.06763285024154589
9,0.06763285024154589
10,0.07729468599033816
11,0.10628019323671498
12,0.10628019323671498
13,0.10628019323671498
14,0.10628019323671498
15,0.10628019323671498
16,0.10628019323671498
17,0.10628019323671498
18,0.10628019323671498
19,0.10628019323671498
20,0.10628019323671498
21,0.10628019323671498
22,0.10628019323671498
23,0.10628019323671498
24,0.10628019323671498
25,0.10628019323671498
26,0.10628019323671498
27,0.12077294685990338
28,0.12077294685990338
29,0.12077294685990338
30,0.12077294685990338
31,0.12077294685990338
32,0.12077294685990338
33,0.12077294685990338
34,0.12077294685990338
35,0.12077294685990338
36,0.12077294685990338
37,0.12077294685990338
38,0.12077294685990338
39,0.12077294685990338
40,0.12077294685990338
41,0.12077294685990338
42,0.12077294685990338
43,0.12077294685990338
44,0.12077294685990338
45,0.12077294685990338
46,0.12077294685990338
47,0.12077294685990338
48,0.12560386473429952
