0,0.0
1,0.0
2,0.0
3,0.0
4,0.0
5,0.0
6,0.0
7,0.0
8,0.0
9,0.0
10,0.0
11,0.0
12,0.0
13,0.0
14,0.0
15,0.0
16,0.0
17,0.0
18,0.0
19,0.028985507246376812
20,0.028985507246376812
21,0.028985507246376812
22,0.028985507246376812
23,0.028985507246376812
24,0.028985507246376812
25,0.028985507246376812
26,0.028985507246376812
27,0.028985507246376812
28,0.028985507246376812
29,0.028985507246376812
30,0.028985507246376812
31,0.028985507246376812
32,0.028985507246376812
33,0.028985507246376812
34,0.028985507246376812
35,0.028985507246376812
36,0.028985507246376812
37,0.028985507246376812
38,0.028985507246376812
39,0.028985507246376812
40,0.028985507246376812
41,0.028985507246376812
42,0.028985507246376812
43,0.028985507246376812
44,0.028985507246376812
45,0.028985507246376812
46,0.028985507246376812
47,0.028985507246376812
48,0.028985507246376812
49,0.028985507246376812
50,0.028985507246376812
51,0.028985507246376812
52,0.028985507246376812
53,0.028985507246376812
54,0.028985507246376812
55,0.028985507246376812
56,0.028985507246376812
57,0.028985507246376812
58,0.028985507246376812
59,0.028985507246376812
60,0.028985507246376812
61,0.028985507246376812
62,0.028985507246376812
63,0.028985507246376812
64,0.028985507246376812
65,0.028985507246376812
66,0.028985507246376812
67,0.028985507246376812
68,0.028985507246376812
69,0.028985507246376812
70,0.028985507246376812
71,0.028985507246376812
72,0.028985507246376812
73,0.028985507246376812
74,0.028985507246376812
75,0.028985507246376812
76,0.028985507246376812
77,0.028985507246376812
78,0.028985507246376812
79,0.028985507246376812
80,0.028985507246376812
81,0.028985507246376812
82,0.028985507246376812
83,0.028985507246376812
84,0.028985507246376812
85,0.028985507246376812
86,0.028985507246376812
87,0.028985507246376812
88,0.028985507246376812
89,0.028985507246376812
90,0.028985507246376812
91,0.028985507246376812
92,0.028985507246376812
93,0.028985507246376812
94,0.028985507246376812
95,0.028985507246376812
96,0.033816425120772944
97,0.033816425120772944
98,0.033816425120772944
99,0.033816425120772944
100,0.033816425120772944
