0,0.00966183574879227
1,0.01932367149758454
2,0.01932367149758454
3,0.01932367149758454
4,0.028985507246376812
5,0.028985507246376812
6,0.028985507246376812
7,0.028985507246376812
8,0.028985507246376812
9,0.028985507246376812
10,0.028985507246376812
11,0.028985507246376812
12,0.028985507246376812
13,0.028985507246376812
14,0.028985507246376812
15,0.028985507246376812
16,0.028985507246376812
17,0.05314009661835749
18,0.05314009661835749
19,0.05314009661835749
20,0.05314009661835749
21,0.05314009661835749
22,0.05314009661835749
23,0.06280193236714976
24,0.06280193236714976
25,0.06280193236714976
26,0.06280193236714976
27,0.06280193236714976
28,0.06280193236714976
29,0.06280193236714976
30,0.06280193236714976
31,0.06280193236714976
32,0.06280193236714976
33,0.06280193236714976
34,0.06280193236714976
35,0.06280193236714976
36,0.06280193236714976
37,0.06280193236714976
38,0.06280193236714976
39,0.06280193236714976
40,0.06280193236714976
41,0.06280193236714976
42,0.06280193236714976
43,0.06280193236714976
44,0.06280193236714976
45,0.06280193236714976
46,0.06280193236714976
47,0.06280193236714976
48,0.09178743961352658
49,0.09178743961352658
50,0.09178743961352658
51,0.09178743961352658
52,0.09178743961352658
53,0.09178743961352658
54,0.09178743961352658
55,0.09178743961352658
56,0.09178743961352658
57,0.0966183574879227
58,0.0966183574879227
59,0.10144927536231885
60,0.10144927536231885
61,0.10144927536231885
62,0.11594202898550725
63,0.11594202898550725
64,0.11594202898550725
65,0.11594202898550725
66,0.11594202898550725
67,0.11594202898550725
68,0.11594202898550725
69,0.11594202898550725
70,0.11594202898550725
71,0.11594202898550725
72,0.11594202898550725
73,0.11594202898550725
74,0.11594202898550725
75,0.11594202898550725
76,0.11594202898550725
77,0.11594202898550725
