0,0.07729468599033816
1,0.09178743961352658
2,0.11594202898550725
3,0.11594202898550725
4,0.13526570048309178
5,0.178743961352657
6,0.178743961352657
7,0.18357487922705315
8,0.18357487922705315
9,0.20772946859903382
10,0.20772946859903382
11,0.20772946859903382
12,0.20772946859903382
13,0.20772946859903382
14,0.20772946859903382
15,0.20772946859903382
16,0.20772946859903382
17,0.20772946859903382
18,0.20772946859903382
19,0.20772946859903382
20,0.20772946859903382
21,0.2463768115942029
22,0.2463768115942029
23,0.2463768115942029
24,0.2463768115942029
25,0.2463768115942029
26,0.2463768115942029
27,0.2463768115942029
28,0.2463768115942029
29,0.2463768115942029
30,0.2463768115942029
31,0.2463768115942029
32,0.2463768115942029
33,0.2463768115942029
34,0.2463768115942029
35,0.2463768115942029
36,0.2463768115942029
37,0.2463768115942029
38,0.2463768115942029
39,0.2463768115942029
40,0.2463768115942029
41,0.26570048309178745
42,0.26570048309178745
43,0.26570048309178745
44,0.26570048309178745
45,0.26570048309178745
46,0.26570048309178745
