0,0.00966183574879227
1,0.01932367149758454
2,0.01932367149758454
3,0.024154589371980676
4,0.033816425120772944
5,0.033816425120772944
6,0.033816425120772944
7,0.033816425120772944
8,0.033816425120772944
9,0.03864734299516908
10,0.03864734299516908
11,0.043478260869565216
12,0.04830917874396135
13,0.05314009661835749
14,0.05314009661835749
15,0.05314009661835749
16,0.057971014492753624
17,0.06763285024154589
18,0.06763285024154589
19,0.06763285024154589
20,0.07246376811594203
21,0.07246376811594203
22,0.07246376811594203
23,0.07246376811594203
24,0.07246376811594203
25,0.07246376811594203
26,0.07246376811594203
27,0.07246376811594203
28,0.07246376811594203
29,0.07246376811594203
30,0.07246376811594203
31,0.07246376811594203
32,0.07246376811594203
33,0.07246376811594203
34,0.07246376811594203
35,0.07246376811594203
36,0.07246376811594203
