0,0.024154589371980676
1,0.028985507246376812
2,0.033816425120772944
3,0.033816425120772944
4,0.04830917874396135
5,0.05314009661835749
6,0.06763285024154589
7,0.07246376811594203
8,0.07729468599033816
9,0.10144927536231885
10,0.10144927536231885
11,0.10144927536231885
12,0.10144927536231885
13,0.10144927536231885
14,0.11594202898550725
15,0.11594202898550725
16,0.11594202898550725
17,0.11594202898550725
18,0.11594202898550725
19,0.11594202898550725
20,0.11594202898550725
21,0.11594202898550725
22,0.11594202898550725
23,0.11594202898550725
24,0.11594202898550725
25,0.11594202898550725
26,0.11594202898550725
27,0.11594202898550725
28,0.12077294685990338
29,0.12077294685990338
30,0.12077294685990338
31,0.12077294685990338
32,0.12077294685990338
33,0.12077294685990338
34,0.12077294685990338
35,0.12077294685990338
36,0.12077294685990338
37,0.12077294685990338
38,0.12077294685990338
39,0.12077294685990338
40,0.12077294685990338
41,0.12077294685990338
42,0.12077294685990338
43,0.12077294685990338
44,0.12077294685990338
45,0.12077294685990338
46,0.12077294685990338
47,0.12077294685990338
48,0.12077294685990338
