0,0.03864734299516908
1,0.12560386473429952
2,0.12560386473429952
3,0.15458937198067632
4,0.15458937198067632
5,0.15458937198067632
6,0.15458937198067632
7,0.178743961352657
8,0.18840579710144928
9,0.18840579710144928
10,0.18840579710144928
11,0.18840579710144928
12,0.18840579710144928
13,0.2028985507246377
14,0.2028985507246377
15,0.2028985507246377
16,0.21739130434782608
17,0.21739130434782608
18,0.21739130434782608
19,0.21739130434782608
20,0.21739130434782608
21,0.21739130434782608
22,0.21739130434782608
23,0.21739130434782608
24,0.21739130434782608
25,0.21739130434782608
26,0.21739130434782608
27,0.21739130434782608
28,0.21739130434782608
29,0.21739130434782608
30,0.2222222222222222
31,0.2222222222222222
32,0.2222222222222222
33,0.2222222222222222
34,0.2222222222222222
35,0.2222222222222222
36,0.2222222222222222
37,0.2222222222222222
38,0.2222222222222222
39,0.2222222222222222
40,0.2222222222222222
41,0.2222222222222222
42,0.2222222222222222
43,0.2222222222222222
