0,0.028985507246376812
1,0.028985507246376812
2,0.03864734299516908
3,0.043478260869565216
4,0.06280193236714976
5,0.06280193236714976
6,0.07729468599033816
7,0.07729468599033816
8,0.07729468599033816
9,0.07729468599033816
10,0.07729468599033816
11,0.0821256038647343
12,0.09178743961352658
13,0.09178743961352658
14,0.09178743961352658
15,0.09178743961352658
16,0.09178743961352658
17,0.09178743961352658
18,0.09178743961352658
19,0.09178743961352658
20,0.09178743961352658
21,0.09178743961352658
22,0.09178743961352658
23,0.09178743961352658
24,0.09178743961352658
25,0.09178743961352658
26,0.09178743961352658
27,0.09178743961352658
28,0.09178743961352658
29,0.09178743961352658
30,0.09178743961352658
31,0.09178743961352658
32,0.09178743961352658
33,0.09178743961352658
34,0.09178743961352658
35,0.09178743961352658
36,0.09178743961352658
37,0.09178743961352658
38,0.1111111111111111
39,0.1111111111111111
40,0.1111111111111111
41,0.11594202898550725
42,0.12077294685990338
43,0.12077294685990338
44,0.12077294685990338
45,0.12077294685990338
46,0.12077294685990338
47,0.12077294685990338
48,0.13043478260869565
49,0.13043478260869565
50,0.13043478260869565
51,0.13043478260869565
52,0.13043478260869565
53,0.13043478260869565
54,0.13043478260869565
55,0.13043478260869565
56,0.13043478260869565
57,0.13043478260869565
58,0.13043478260869565
59,0.13043478260869565
60,0.13043478260869565
61,0.13043478260869565
62,0.13043478260869565
63,0.13043478260869565
64,0.13043478260869565
65,0.13043478260869565
66,0.13043478260869565
67,0.13043478260869565
68,0.13043478260869565
