0,0.0
1,0.0
2,0.00966183574879227
3,0.028985507246376812
4,0.028985507246376812
5,0.07729468599033816
6,0.07729468599033816
7,0.07729468599033816
8,0.07729468599033816
9,0.07729468599033816
10,0.07729468599033816
11,0.07729468599033816
12,0.07729468599033816
13,0.07729468599033816
14,0.07729468599033816
15,0.09178743961352658
16,0.09178743961352658
17,0.09178743961352658
18,0.09178743961352658
19,0.09178743961352658
20,0.09178743961352658
21,0.09178743961352658
22,0.09178743961352658
23,0.09178743961352658
24,0.09178743961352658
25,0.09178743961352658
26,0.09178743961352658
27,0.09178743961352658
28,0.09178743961352658
29,0.09178743961352658
30,0.09178743961352658
31,0.09178743961352658
32,0.09178743961352658
33,0.09178743961352658
34,0.09178743961352658
35,0.09178743961352658
36,0.09178743961352658
37,0.09178743961352658
38,0.09178743961352658
39,0.09178743961352658
40,0.09178743961352658
41,0.09178743961352658
42,0.09178743961352658
43,0.09178743961352658
44,0.09178743961352658
45,0.09178743961352658
46,0.09178743961352658
47,0.09178743961352658
48,0.09178743961352658
49,0.09178743961352658
50,0.09178743961352658
51,0.09178743961352658
52,0.09178743961352658
53,0.09178743961352658
54,0.09178743961352658
55,0.09178743961352658
56,0.09178743961352658
57,0.09178743961352658
58,0.09178743961352658
59,0.09178743961352658
60,0.09178743961352658
61,0.09178743961352658
62,0.09178743961352658
63,0.09178743961352658
64,0.09178743961352658
65,0.09178743961352658
66,0.09178743961352658
67,0.09178743961352658
68,0.09178743961352658
69,0.09178743961352658
70,0.09178743961352658
71,0.09178743961352658
72,0.09178743961352658
73,0.09178743961352658
74,0.09178743961352658
75,0.09178743961352658
76,0.09178743961352658
77,0.09178743961352658
78,0.09178743961352658
79,0.09178743961352658
80,0.09178743961352658
81,0.09178743961352658
82,0.09178743961352658
83,0.09178743961352658
84,0.09178743961352658
85,0.09178743961352658
86,0.09178743961352658
87,0.09178743961352658
88,0.09178743961352658
89,0.09178743961352658
90,0.09178743961352658
91,0.09178743961352658
92,0.09178743961352658
93,0.09178743961352658
94,0.09178743961352658
95,0.09178743961352658
96,0.09178743961352658
97,0.09178743961352658
98,0.09178743961352658
99,0.09178743961352658
100,0.09178743961352658
