0,0.004830917874396135
1,0.004830917874396135
2,0.004830917874396135
3,0.004830917874396135
4,0.004830917874396135
5,0.004830917874396135
6,0.004830917874396135
7,0.004830917874396135
8,0.004830917874396135
9,0.00966183574879227
10,0.00966183574879227
11,0.00966183574879227
12,0.00966183574879227
13,0.00966183574879227
14,0.00966183574879227
15,0.00966183574879227
16,0.00966183574879227
17,0.028985507246376812
18,0.028985507246376812
19,0.028985507246376812
20,0.028985507246376812
21,0.028985507246376812
22,0.028985507246376812
23,0.028985507246376812
24,0.028985507246376812
25,0.028985507246376812
26,0.028985507246376812
27,0.028985507246376812
28,0.028985507246376812
29,0.028985507246376812
30,0.028985507246376812
31,0.028985507246376812
32,0.028985507246376812
33,0.028985507246376812
34,0.028985507246376812
35,0.028985507246376812
36,0.028985507246376812
37,0.028985507246376812
38,0.028985507246376812
39,0.028985507246376812
40,0.028985507246376812
41,0.028985507246376812
42,0.028985507246376812
43,0.028985507246376812
44,0.028985507246376812
45,0.028985507246376812
46,0.028985507246376812
47,0.028985507246376812
48,0.028985507246376812
49,0.028985507246376812
50,0.028985507246376812
51,0.028985507246376812
52,0.028985507246376812
53,0.028985507246376812
54,0.028985507246376812
55,0.028985507246376812
56,0.028985507246376812
57,0.033816425120772944
58,0.033816425120772944
59,0.033816425120772944
60,0.033816425120772944
61,0.033816425120772944
62,0.033816425120772944
63,0.033816425120772944
64,0.033816425120772944
65,0.033816425120772944
66,0.033816425120772944
67,0.033816425120772944
68,0.033816425120772944
69,0.033816425120772944
70,0.033816425120772944
71,0.033816425120772944
72,0.033816425120772944
73,0.033816425120772944
74,0.033816425120772944
75,0.033816425120772944
76,0.033816425120772944
77,0.033816425120772944
78,0.033816425120772944
79,0.033816425120772944
80,0.033816425120772944
81,0.033816425120772944
82,0.033816425120772944
83,0.033816425120772944
84,0.057971014492753624
85,0.0821256038647343
86,0.0966183574879227
87,0.0966183574879227
88,0.10144927536231885
89,0.10144927536231885
90,0.10144927536231885
91,0.10144927536231885
92,0.10144927536231885
93,0.10144927536231885
94,0.10144927536231885
95,0.1111111111111111
96,0.1111111111111111
97,0.1111111111111111
98,0.1111111111111111
99,0.1111111111111111
100,0.1111111111111111
