0,0.00966183574879227
1,0.01932367149758454
2,0.028985507246376812
3,0.028985507246376812
4,0.15942028985507245
5,0.178743961352657
6,0.19806763285024154
7,0.26570048309178745
8,0.26570048309178745
9,0.30434782608695654
10,0.30434782608695654
11,0.3188405797101449
12,0.3188405797101449
13,0.32367149758454106
14,0.3285024154589372
15,0.34299516908212563
16,0.34299516908212563
17,0.34782608695652173
18,0.34782608695652173
19,0.34782608695652173
20,0.34782608695652173
21,0.34782608695652173
22,0.34782608695652173
23,0.34782608695652173
24,0.34782608695652173
25,0.34782608695652173
26,0.3526570048309179
27,0.3526570048309179
28,0.3526570048309179
29,0.3526570048309179
30,0.3526570048309179
31,0.3526570048309179
32,0.3526570048309179
33,0.3526570048309179
34,0.3526570048309179
35,0.3526570048309179
36,0.357487922705314
37,0.357487922705314
38,0.357487922705314
39,0.357487922705314
40,0.357487922705314
41,0.357487922705314
42,0.357487922705314
43,0.3671497584541063
44,0.3671497584541063
45,0.3671497584541063
46,0.3671497584541063
47,0.3671497584541063
48,0.3671497584541063
49,0.3671497584541063
50,0.3671497584541063
51,0.3671497584541063
52,0.3671497584541063
53,0.3671497584541063
54,0.3671497584541063
55,0.3671497584541063
56,0.3671497584541063
57,0.3671497584541063
58,0.3671497584541063
59,0.3671497584541063
60,0.3671497584541063
61,0.3671497584541063
