0,0.0
1,0.0
2,0.024154589371980676
3,0.03864734299516908
4,0.043478260869565216
5,0.043478260869565216
6,0.06280193236714976
7,0.10628019323671498
8,0.12077294685990338
9,0.12077294685990338
10,0.12560386473429952
11,0.12560386473429952
12,0.13526570048309178
13,0.18840579710144928
14,0.21256038647342995
15,0.21256038647342995
16,0.21256038647342995
17,0.21256038647342995
18,0.22705314009661837
19,0.22705314009661837
20,0.23671497584541062
21,0.23671497584541062
22,0.25120772946859904
23,0.25120772946859904
24,0.2608695652173913
25,0.2608695652173913
26,0.2608695652173913
27,0.2608695652173913
28,0.2608695652173913
29,0.2608695652173913
30,0.2608695652173913
