0,0.01932367149758454
1,0.03864734299516908
2,0.04830917874396135
3,0.06763285024154589
4,0.07246376811594203
5,0.07729468599033816
6,0.07729468599033816
7,0.07729468599033816
8,0.07729468599033816
9,0.07729468599033816
10,0.07729468599033816
11,0.07729468599033816
12,0.07729468599033816
13,0.07729468599033816
14,0.0821256038647343
15,0.0821256038647343
16,0.0821256038647343
17,0.0821256038647343
18,0.0821256038647343
19,0.0821256038647343
20,0.0821256038647343
21,0.08695652173913043
22,0.08695652173913043
23,0.08695652173913043
24,0.08695652173913043
25,0.08695652173913043
26,0.08695652173913043
27,0.08695652173913043
28,0.08695652173913043
29,0.08695652173913043
30,0.08695652173913043
31,0.08695652173913043
32,0.08695652173913043
33,0.08695652173913043
34,0.08695652173913043
35,0.08695652173913043
36,0.08695652173913043
37,0.08695652173913043
38,0.08695652173913043
39,0.08695652173913043
40,0.08695652173913043
41,0.08695652173913043
42,0.08695652173913043
43,0.08695652173913043
44,0.08695652173913043
45,0.08695652173913043
46,0.08695652173913043
47,0.08695652173913043
