0,0.0
1,0.0
2,0.0
3,0.0
4,0.0
5,0.0
6,0.0
7,0.0
8,0.0
9,0.0
10,0.00966183574879227
11,0.00966183574879227
12,0.00966183574879227
13,0.00966183574879227
14,0.00966183574879227
15,0.00966183574879227
16,0.00966183574879227
17,0.00966183574879227
18,0.00966183574879227
19,0.00966183574879227
20,0.00966183574879227
21,0.00966183574879227
22,0.01932367149758454
23,0.01932367149758454
24,0.01932367149758454
25,0.01932367149758454
26,0.01932367149758454
27,0.01932367149758454
28,0.01932367149758454
29,0.024154589371980676
30,0.03864734299516908
31,0.03864734299516908
32,0.03864734299516908
33,0.03864734299516908
34,0.03864734299516908
35,0.03864734299516908
36,0.03864734299516908
37,0.03864734299516908
38,0.03864734299516908
39,0.03864734299516908
40,0.03864734299516908
41,0.03864734299516908
42,0.03864734299516908
43,0.03864734299516908
44,0.03864734299516908
45,0.03864734299516908
46,0.03864734299516908
47,0.057971014492753624
48,0.057971014492753624
49,0.057971014492753624
50,0.057971014492753624
51,0.057971014492753624
52,0.057971014492753624
53,0.057971014492753624
54,0.057971014492753624
55,0.057971014492753624
56,0.057971014492753624
57,0.057971014492753624
58,0.057971014492753624
59,0.057971014492753624
60,0.057971014492753624
61,0.057971014492753624
62,0.057971014492753624
63,0.057971014492753624
64,0.057971014492753624
65,0.057971014492753624
66,0.057971014492753624
67,0.057971014492753624
68,0.057971014492753624
69,0.057971014492753624
70,0.057971014492753624
71,0.057971014492753624
72,0.057971014492753624
73,0.057971014492753624
74,0.057971014492753624
75,0.057971014492753624
76,0.057971014492753624
77,0.057971014492753624
78,0.057971014492753624
79,0.057971014492753624
80,0.057971014492753624
81,0.057971014492753624
82,0.057971014492753624
83,0.057971014492753624
84,0.057971014492753624
85,0.057971014492753624
86,0.057971014492753624
87,0.057971014492753624
88,0.057971014492753624
89,0.057971014492753624
90,0.057971014492753624
91,0.057971014492753624
92,0.057971014492753624
93,0.057971014492753624
94,0.057971014492753624
95,0.057971014492753624
96,0.057971014492753624
97,0.057971014492753624
98,0.057971014492753624
99,0.057971014492753624
100,0.057971014492753624
