0,0.0
1,0.0
2,0.0
3,0.0
4,0.0
5,0.0
6,0.0
7,0.0
8,0.00966183574879227
9,0.00966183574879227
10,0.00966183574879227
11,0.00966183574879227
12,0.00966183574879227
13,0.00966183574879227
14,0.00966183574879227
15,0.00966183574879227
16,0.00966183574879227
17,0.00966183574879227
18,0.00966183574879227
19,0.00966183574879227
20,0.00966183574879227
21,0.00966183574879227
22,0.014492753623188406
23,0.014492753623188406
24,0.014492753623188406
25,0.014492753623188406
26,0.014492753623188406
27,0.014492753623188406
28,0.014492753623188406
29,0.014492753623188406
30,0.014492753623188406
31,0.014492753623188406
32,0.014492753623188406
33,0.014492753623188406
34,0.014492753623188406
35,0.014492753623188406
36,0.014492753623188406
37,0.014492753623188406
38,0.014492753623188406
39,0.014492753623188406
40,0.014492753623188406
41,0.014492753623188406
42,0.014492753623188406
43,0.014492753623188406
44,0.014492753623188406
45,0.014492753623188406
46,0.014492753623188406
47,0.014492753623188406
48,0.014492753623188406
49,0.014492753623188406
50,0.014492753623188406
51,0.014492753623188406
52,0.014492753623188406
53,0.014492753623188406
54,0.014492753623188406
55,0.014492753623188406
56,0.014492753623188406
57,0.014492753623188406
58,0.014492753623188406
59,0.014492753623188406
60,0.014492753623188406
61,0.014492753623188406
62,0.014492753623188406
63,0.014492753623188406
64,0.014492753623188406
65,0.014492753623188406
66,0.014492753623188406
67,0.014492753623188406
68,0.014492753623188406
69,0.014492753623188406
70,0.014492753623188406
71,0.014492753623188406
72,0.014492753623188406
73,0.014492753623188406
74,0.014492753623188406
75,0.014492753623188406
76,0.014492753623188406
77,0.014492753623188406
78,0.014492753623188406
79,0.014492753623188406
80,0.014492753623188406
81,0.014492753623188406
82,0.014492753623188406
83,0.014492753623188406
84,0.01932367149758454
85,0.01932367149758454
86,0.01932367149758454
87,0.01932367149758454
88,0.01932367149758454
89,0.01932367149758454
90,0.01932367149758454
91,0.01932367149758454
92,0.01932367149758454
93,0.01932367149758454
94,0.01932367149758454
95,0.01932367149758454
96,0.01932367149758454
97,0.01932367149758454
98,0.01932367149758454
99,0.01932367149758454
100,0.01932367149758454
