0,0.0
1,0.0
2,0.0
3,0.0
4,0.0
5,0.0
6,0.0
7,0.0
8,0.0
9,0.00966183574879227
10,0.00966183574879227
11,0.00966183574879227
12,0.00966183574879227
13,0.00966183574879227
14,0.00966183574879227
15,0.00966183574879227
16,0.00966183574879227
17,0.00966183574879227
18,0.00966183574879227
19,0.00966183574879227
20,0.00966183574879227
21,0.00966183574879227
22,0.00966183574879227
23,0.00966183574879227
24,0.00966183574879227
25,0.00966183574879227
26,0.00966183574879227
27,0.00966183574879227
28,0.00966183574879227
29,0.00966183574879227
30,0.00966183574879227
31,0.00966183574879227
32,0.00966183574879227
33,0.00966183574879227
34,0.00966183574879227
35,0.00966183574879227
36,0.00966183574879227
37,0.00966183574879227
38,0.00966183574879227
39,0.00966183574879227
40,0.00966183574879227
41,0.00966183574879227
42,0.00966183574879227
43,0.00966183574879227
44,0.00966183574879227
45,0.00966183574879227
46,0.00966183574879227
47,0.00966183574879227
48,0.00966183574879227
49,0.00966183574879227
50,0.00966183574879227
51,0.00966183574879227
52,0.00966183574879227
53,0.00966183574879227
54,0.00966183574879227
55,0.014492753623188406
56,0.014492753623188406
57,0.014492753623188406
58,0.014492753623188406
59,0.01932367149758454
60,0.01932367149758454
61,0.01932367149758454
62,0.01932367149758454
63,0.01932367149758454
64,0.01932367149758454
65,0.033816425120772944
66,0.033816425120772944
67,0.043478260869565216
68,0.06280193236714976
69,0.07729468599033816
70,0.08695652173913043
71,0.08695652173913043
72,0.1111111111111111
73,0.1111111111111111
74,0.11594202898550725
75,0.11594202898550725
76,0.11594202898550725
77,0.11594202898550725
78,0.11594202898550725
79,0.11594202898550725
80,0.11594202898550725
81,0.11594202898550725
82,0.11594202898550725
83,0.11594202898550725
84,0.11594202898550725
85,0.12077294685990338
86,0.14009661835748793
87,0.14009661835748793
88,0.14009661835748793
89,0.14009661835748793
90,0.14009661835748793
91,0.14009661835748793
92,0.14009661835748793
93,0.14492753623188406
94,0.14492753623188406
95,0.14492753623188406
96,0.14492753623188406
97,0.14492753623188406
98,0.14492753623188406
99,0.14492753623188406
100,0.14492753623188406
