0,0.0
1,0.0
2,0.0
3,0.0
4,0.0
5,0.014492753623188406
6,0.014492753623188406
7,0.014492753623188406
8,0.014492753623188406
9,0.014492753623188406
10,0.014492753623188406
11,0.014492753623188406
12,0.014492753623188406
13,0.014492753623188406
14,0.014492753623188406
15,0.014492753623188406
16,0.014492753623188406
17,0.014492753623188406
18,0.014492753623188406
19,0.014492753623188406
20,0.03864734299516908
21,0.12560386473429952
22,0.17391304347826086
23,0.178743961352657
24,0.18840579710144928
25,0.27053140096618356
26,0.28502415458937197
27,0.2946859903381642
28,0.3140096618357488
29,0.3140096618357488
30,0.3140096618357488
31,0.34782608695652173
32,0.34782608695652173
33,0.34782608695652173
34,0.34782608695652173
35,0.34782608695652173
36,0.34782608695652173
37,0.34782608695652173
38,0.34782608695652173
39,0.34782608695652173
40,0.34782608695652173
41,0.3526570048309179
42,0.3526570048309179
43,0.3526570048309179
44,0.3526570048309179
45,0.3526570048309179
46,0.3526570048309179
47,0.3526570048309179
48,0.3526570048309179
49,0.3526570048309179
50,0.3526570048309179
51,0.3526570048309179
52,0.3526570048309179
53,0.3526570048309179
54,0.3526570048309179
55,0.3526570048309179
56,0.3526570048309179
