0,0.0
1,0.0
2,0.0
3,0.0
4,0.0
5,0.0
6,0.0
7,0.0
8,0.0
9,0.0
10,0.0
11,0.0
12,0.033816425120772944
13,0.14009661835748793
14,0.14009661835748793
15,0.1497584541062802
16,0.1497584541062802
17,0.1497584541062802
18,0.15458937198067632
19,0.15458937198067632
20,0.15458937198067632
21,0.15458937198067632
22,0.15458937198067632
23,0.15458937198067632
24,0.15458937198067632
25,0.15942028985507245
26,0.15942028985507245
27,0.15942028985507245
28,0.15942028985507245
29,0.16908212560386474
30,0.16908212560386474
31,0.16908212560386474
32,0.16908212560386474
33,0.16908212560386474
34,0.16908212560386474
35,0.16908212560386474
36,0.16908212560386474
37,0.16908212560386474
38,0.16908212560386474
39,0.16908212560386474
40,0.16908212560386474
41,0.16908212560386474
42,0.16908212560386474
43,0.178743961352657
44,0.1932367149758454
45,0.1932367149758454
46,0.1932367149758454
47,0.1932367149758454
48,0.1932367149758454
49,0.1932367149758454
50,0.1932367149758454
51,0.1932367149758454
52,0.1932367149758454
53,0.1932367149758454
54,0.1932367149758454
55,0.1932367149758454
56,0.1932367149758454
57,0.1932367149758454
58,0.1932367149758454
59,0.1932367149758454
60,0.1932367149758454
61,0.1932367149758454
62,0.1932367149758454
63,0.1932367149758454
64,0.1932367149758454
65,0.1932367149758454
66,0.1932367149758454
67,0.1932367149758454
68,0.1932367149758454
69,0.1932367149758454
70,0.1932367149758454
71,0.1932367149758454
72,0.1932367149758454
73,0.1932367149758454
74,0.1932367149758454
75,0.1932367149758454
76,0.1932367149758454
