0,0.01932367149758454
1,0.028985507246376812
2,0.028985507246376812
3,0.06763285024154589
4,0.06763285024154589
5,0.1111111111111111
6,0.1111111111111111
7,0.1111111111111111
8,0.1111111111111111
9,0.13043478260869565
10,0.13526570048309178
11,0.14009661835748793
12,0.14009661835748793
13,0.14009661835748793
14,0.14009661835748793
15,0.14009661835748793
16,0.14009661835748793
17,0.14492753623188406
18,0.14492753623188406
19,0.14492753623188406
20,0.1497584541062802
21,0.1497584541062802
22,0.1497584541062802
23,0.15458937198067632
24,0.15458937198067632
25,0.15458937198067632
26,0.15458937198067632
27,0.16908212560386474
28,0.16908212560386474
29,0.16908212560386474
30,0.17391304347826086
31,0.17391304347826086
32,0.17391304347826086
33,0.17391304347826086
34,0.17391304347826086
35,0.17391304347826086
36,0.17391304347826086
37,0.17391304347826086
38,0.17391304347826086
39,0.17391304347826086
40,0.17391304347826086
41,0.17391304347826086
42,0.17391304347826086
43,0.178743961352657
44,0.178743961352657
45,0.178743961352657
46,0.178743961352657
