0,0.0
1,0.0
2,0.0
3,0.0
4,0.0
5,0.0
6,0.014492753623188406
7,0.014492753623188406
8,0.014492753623188406
9,0.014492753623188406
10,0.014492753623188406
11,0.014492753623188406
12,0.014492753623188406
13,0.014492753623188406
14,0.014492753623188406
15,0.014492753623188406
16,0.014492753623188406
17,0.014492753623188406
18,0.014492753623188406
19,0.014492753623188406
20,0.014492753623188406
21,0.014492753623188406
22,0.014492753623188406
23,0.014492753623188406
24,0.014492753623188406
25,0.014492753623188406
26,0.014492753623188406
27,0.014492753623188406
28,0.014492753623188406
29,0.014492753623188406
30,0.014492753623188406
31,0.014492753623188406
32,0.014492753623188406
33,0.014492753623188406
34,0.014492753623188406
35,0.014492753623188406
36,0.014492753623188406
37,0.014492753623188406
38,0.014492753623188406
39,0.014492753623188406
40,0.014492753623188406
41,0.014492753623188406
42,0.014492753623188406
43,0.014492753623188406
44,0.014492753623188406
45,0.014492753623188406
46,0.014492753623188406
47,0.014492753623188406
48,0.01932367149758454
49,0.01932367149758454
50,0.01932367149758454
51,0.01932367149758454
52,0.01932367149758454
53,0.01932367149758454
54,0.01932367149758454
55,0.01932367149758454
56,0.01932367149758454
57,0.01932367149758454
58,0.01932367149758454
59,0.01932367149758454
60,0.01932367149758454
61,0.01932367149758454
62,0.01932367149758454
63,0.01932367149758454
64,0.01932367149758454
65,0.01932367149758454
66,0.01932367149758454
67,0.01932367149758454
68,0.01932367149758454
69,0.01932367149758454
70,0.01932367149758454
71,0.01932367149758454
72,0.01932367149758454
73,0.07729468599033816
74,0.19806763285024154
75,0.2463768115942029
76,0.2463768115942029
77,0.25120772946859904
78,0.25120772946859904
79,0.2608695652173913
80,0.2608695652173913
81,0.2608695652173913
82,0.2608695652173913
83,0.2608695652173913
84,0.2608695652173913
85,0.2608695652173913
86,0.26570048309178745
87,0.32367149758454106
88,0.3285024154589372
89,0.36231884057971014
90,0.36231884057971014
91,0.36231884057971014
92,0.36231884057971014
93,0.36231884057971014
94,0.3671497584541063
95,0.3671497584541063
96,0.3671497584541063
97,0.3671497584541063
98,0.3671497584541063
99,0.3671497584541063
100,0.3671497584541063
