0,0.0
1,0.0
2,0.0
3,0.0
4,0.0
5,0.01932367149758454
6,0.01932367149758454
7,0.01932367149758454
8,0.01932367149758454
9,0.01932367149758454
10,0.01932367149758454
11,0.01932367149758454
12,0.01932367149758454
13,0.01932367149758454
14,0.01932367149758454
15,0.01932367149758454
16,0.01932367149758454
17,0.01932367149758454
18,0.01932367149758454
19,0.01932367149758454
20,0.01932367149758454
21,0.01932367149758454
22,0.01932367149758454
23,0.01932367149758454
24,0.01932367149758454
25,0.01932367149758454
26,0.01932367149758454
27,0.01932367149758454
28,0.01932367149758454
29,0.01932367149758454
30,0.01932367149758454
31,0.01932367149758454
32,0.01932367149758454
33,0.01932367149758454
34,0.01932367149758454
35,0.01932367149758454
36,0.01932367149758454
37,0.01932367149758454
38,0.01932367149758454
39,0.01932367149758454
40,0.01932367149758454
41,0.01932367149758454
42,0.01932367149758454
43,0.01932367149758454
44,0.01932367149758454
45,0.01932367149758454
46,0.01932367149758454
47,0.01932367149758454
48,0.01932367149758454
49,0.01932367149758454
50,0.01932367149758454
51,0.01932367149758454
52,0.01932367149758454
53,0.01932367149758454
54,0.01932367149758454
55,0.01932367149758454
56,0.01932367149758454
57,0.01932367149758454
58,0.024154589371980676
59,0.024154589371980676
60,0.024154589371980676
61,0.024154589371980676
62,0.024154589371980676
63,0.024154589371980676
64,0.024154589371980676
65,0.024154589371980676
66,0.024154589371980676
67,0.024154589371980676
68,0.024154589371980676
69,0.024154589371980676
70,0.024154589371980676
71,0.024154589371980676
72,0.024154589371980676
73,0.024154589371980676
74,0.024154589371980676
75,0.024154589371980676
76,0.024154589371980676
77,0.024154589371980676
78,0.024154589371980676
79,0.024154589371980676
80,0.024154589371980676
81,0.024154589371980676
82,0.024154589371980676
83,0.024154589371980676
84,0.024154589371980676
85,0.024154589371980676
86,0.024154589371980676
87,0.024154589371980676
88,0.024154589371980676
89,0.024154589371980676
90,0.024154589371980676
91,0.024154589371980676
92,0.024154589371980676
93,0.024154589371980676
94,0.024154589371980676
95,0.024154589371980676
96,0.024154589371980676
97,0.024154589371980676
98,0.024154589371980676
99,0.024154589371980676
100,0.024154589371980676
