0,0.04830917874396135
1,0.06763285024154589
2,0.07729468599033816
3,0.07729468599033816
4,0.08695652173913043
5,0.08695652173913043
6,0.09178743961352658
7,0.1111111111111111
8,0.1111111111111111
9,0.1111111111111111
10,0.1111111111111111
11,0.1111111111111111
12,0.1111111111111111
13,0.1111111111111111
14,0.1111111111111111
15,0.1111111111111111
16,0.1111111111111111
17,0.1111111111111111
18,0.13043478260869565
19,0.13043478260869565
20,0.13043478260869565
21,0.13043478260869565
22,0.13043478260869565
23,0.13043478260869565
24,0.13043478260869565
25,0.13043478260869565
26,0.13043478260869565
27,0.13043478260869565
28,0.13043478260869565
29,0.13043478260869565
30,0.13043478260869565
31,0.13043478260869565
32,0.13043478260869565
33,0.13043478260869565
34,0.13043478260869565
35,0.13043478260869565
36,0.13043478260869565
37,0.13043478260869565
38,0.13043478260869565
39,0.13043478260869565
40,0.13043478260869565
41,0.13043478260869565
42,0.13043478260869565
43,0.13043478260869565
44,0.13043478260869565
45,0.13043478260869565
46,0.13043478260869565
47,0.13043478260869565
48,0.13043478260869565
49,0.13043478260869565
50,0.14009661835748793
51,0.14009661835748793
52,0.14009661835748793
53,0.14009661835748793
54,0.14009661835748793
55,0.14009661835748793
56,0.14009661835748793
57,0.1497584541062802
58,0.1497584541062802
59,0.178743961352657
60,0.19806763285024154
61,0.20772946859903382
62,0.20772946859903382
63,0.22705314009661837
64,0.22705314009661837
65,0.22705314009661837
66,0.22705314009661837
67,0.22705314009661837
68,0.22705314009661837
69,0.22705314009661837
70,0.22705314009661837
71,0.22705314009661837
72,0.22705314009661837
