0,0.014492753623188406
1,0.024154589371980676
2,0.024154589371980676
3,0.024154589371980676
4,0.024154589371980676
5,0.024154589371980676
6,0.024154589371980676
7,0.024154589371980676
8,0.024154589371980676
9,0.024154589371980676
10,0.024154589371980676
11,0.024154589371980676
12,0.03864734299516908
13,0.03864734299516908
14,0.03864734299516908
15,0.03864734299516908
16,0.043478260869565216
17,0.04830917874396135
18,0.04830917874396135
19,0.04830917874396135
20,0.04830917874396135
21,0.04830917874396135
22,0.04830917874396135
23,0.04830917874396135
24,0.04830917874396135
25,0.04830917874396135
26,0.04830917874396135
27,0.10144927536231885
28,0.10144927536231885
29,0.10144927536231885
30,0.10144927536231885
31,0.10628019323671498
32,0.10628019323671498
33,0.11594202898550725
34,0.18357487922705315
35,0.18357487922705315
36,0.18357487922705315
37,0.18357487922705315
38,0.18357487922705315
39,0.1932367149758454
40,0.1932367149758454
41,0.1932367149758454
42,0.1932367149758454
43,0.1932367149758454
44,0.1932367149758454
45,0.1932367149758454
46,0.1932367149758454
47,0.1932367149758454
48,0.2608695652173913
49,0.2608695652173913
50,0.2608695652173913
51,0.2608695652173913
