0,0.00966183574879227
1,0.00966183574879227
2,0.00966183574879227
3,0.014492753623188406
4,0.014492753623188406
5,0.014492753623188406
6,0.014492753623188406
7,0.014492753623188406
8,0.014492753623188406
9,0.014492753623188406
10,0.014492753623188406
11,0.014492753623188406
12,0.014492753623188406
13,0.014492753623188406
14,0.014492753623188406
15,0.014492753623188406
16,0.014492753623188406
17,0.014492753623188406
18,0.014492753623188406
19,0.014492753623188406
20,0.014492753623188406
21,0.014492753623188406
22,0.014492753623188406
23,0.014492753623188406
24,0.014492753623188406
25,0.043478260869565216
26,0.05314009661835749
27,0.07246376811594203
28,0.07246376811594203
29,0.07729468599033816
30,0.0821256038647343
31,0.0966183574879227
32,0.11594202898550725
33,0.11594202898550725
34,0.11594202898550725
35,0.11594202898550725
36,0.11594202898550725
37,0.12077294685990338
38,0.12077294685990338
39,0.16908212560386474
40,0.16908212560386474
41,0.16908212560386474
42,0.16908212560386474
43,0.16908212560386474
44,0.16908212560386474
45,0.16908212560386474
46,0.16908212560386474
47,0.16908212560386474
48,0.16908212560386474
49,0.16908212560386474
50,0.16908212560386474
51,0.16908212560386474
52,0.16908212560386474
53,0.16908212560386474
54,0.16908212560386474
55,0.16908212560386474
56,0.16908212560386474
57,0.16908212560386474
58,0.16908212560386474
