0,0.00966183574879227
1,0.00966183574879227
2,0.00966183574879227
3,0.00966183574879227
4,0.00966183574879227
5,0.00966183574879227
6,0.01932367149758454
7,0.01932367149758454
8,0.01932367149758454
9,0.01932367149758454
10,0.01932367149758454
11,0.01932367149758454
12,0.024154589371980676
13,0.024154589371980676
14,0.024154589371980676
15,0.028985507246376812
16,0.033816425120772944
17,0.033816425120772944
18,0.03864734299516908
19,0.03864734299516908
20,0.03864734299516908
21,0.03864734299516908
22,0.04830917874396135
23,0.04830917874396135
24,0.04830917874396135
25,0.04830917874396135
26,0.04830917874396135
27,0.04830917874396135
28,0.04830917874396135
29,0.057971014492753624
30,0.057971014492753624
31,0.057971014492753624
32,0.057971014492753624
33,0.057971014492753624
34,0.057971014492753624
35,0.057971014492753624
36,0.057971014492753624
37,0.057971014492753624
38,0.057971014492753624
39,0.057971014492753624
40,0.057971014492753624
41,0.057971014492753624
42,0.057971014492753624
43,0.057971014492753624
44,0.06280193236714976
45,0.06280193236714976
46,0.06280193236714976
47,0.06280193236714976
48,0.06280193236714976
49,0.06280193236714976
50,0.06763285024154589
51,0.06763285024154589
52,0.06763285024154589
53,0.06763285024154589
54,0.06763285024154589
55,0.06763285024154589
56,0.06763285024154589
57,0.06763285024154589
