0,0.028985507246376812
1,0.10628019323671498
2,0.1111111111111111
3,0.1111111111111111
4,0.13526570048309178
5,0.15942028985507245
6,0.15942028985507245
7,0.15942028985507245
8,0.15942028985507245
9,0.18357487922705315
10,0.18357487922705315
11,0.2028985507246377
12,0.2028985507246377
13,0.2028985507246377
14,0.2028985507246377
15,0.2028985507246377
16,0.2028985507246377
17,0.2028985507246377
18,0.2028985507246377
19,0.2028985507246377
20,0.2028985507246377
21,0.2028985507246377
22,0.2028985507246377
23,0.2028985507246377
24,0.2028985507246377
25,0.2028985507246377
26,0.2028985507246377
27,0.2028985507246377
28,0.2028985507246377
29,0.2028985507246377
30,0.2028985507246377
31,0.2028985507246377
32,0.2028985507246377
33,0.2028985507246377
34,0.2028985507246377
35,0.2028985507246377
36,0.2028985507246377
37,0.2028985507246377
38,0.2028985507246377
39,0.2028985507246377
40,0.2028985507246377
41,0.2028985507246377
42,0.2028985507246377
43,0.2028985507246377
44,0.2028985507246377
45,0.2028985507246377
46,0.2028985507246377
47,0.2028985507246377
48,0.2028985507246377
49,0.2028985507246377
50,0.2028985507246377
51,0.2028985507246377
52,0.22705314009661837
53,0.22705314009661837
54,0.22705314009661837
55,0.22705314009661837
56,0.22705314009661837
57,0.22705314009661837
58,0.22705314009661837
59,0.22705314009661837
60,0.22705314009661837
61,0.22705314009661837
62,0.22705314009661837
63,0.22705314009661837
64,0.22705314009661837
65,0.22705314009661837
66,0.22705314009661837
67,0.22705314009661837
68,0.22705314009661837
69,0.22705314009661837
70,0.22705314009661837
71,0.22705314009661837
72,0.22705314009661837
73,0.22705314009661837
74,0.22705314009661837
75,0.22705314009661837
76,0.22705314009661837
77,0.22705314009661837
78,0.22705314009661837
79,0.22705314009661837
80,0.22705314009661837
81,0.22705314009661837
82,0.22705314009661837
83,0.22705314009661837
84,0.22705314009661837
85,0.22705314009661837
86,0.22705314009661837
87,0.22705314009661837
88,0.22705314009661837
89,0.22705314009661837
90,0.22705314009661837
91,0.22705314009661837
92,0.22705314009661837
93,0.22705314009661837
