0,0.0
1,0.0
2,0.0
3,0.0
4,0.0
5,0.0966183574879227
6,0.0966183574879227
7,0.10628019323671498
8,0.1111111111111111
9,0.12077294685990338
10,0.12077294685990338
11,0.12077294685990338
12,0.13043478260869565
13,0.13043478260869565
14,0.13043478260869565
15,0.13043478260869565
16,0.13043478260869565
17,0.13043478260869565
18,0.13043478260869565
19,0.13043478260869565
20,0.13043478260869565
21,0.13043478260869565
22,0.13043478260869565
23,0.13043478260869565
24,0.13043478260869565
25,0.13043478260869565
26,0.13043478260869565
27,0.13043478260869565
28,0.13043478260869565
29,0.13043478260869565
30,0.13043478260869565
31,0.13043478260869565
32,0.13043478260869565
33,0.13043478260869565
34,0.13043478260869565
35,0.13043478260869565
36,0.13043478260869565
37,0.13043478260869565
38,0.13043478260869565
39,0.13043478260869565
40,0.13043478260869565
41,0.13043478260869565
42,0.13043478260869565
43,0.13043478260869565
44,0.13043478260869565
45,0.13043478260869565
46,0.13043478260869565
47,0.13043478260869565
48,0.13043478260869565
49,0.13043478260869565
50,0.13043478260869565
51,0.18840579710144928
52,0.18840579710144928
53,0.18840579710144928
54,0.18840579710144928
55,0.18840579710144928
56,0.18840579710144928
57,0.18840579710144928
58,0.18840579710144928
59,0.18840579710144928
60,0.18840579710144928
61,0.18840579710144928
62,0.18840579710144928
63,0.18840579710144928
64,0.2028985507246377
65,0.2028985507246377
66,0.2028985507246377
67,0.2028985507246377
68,0.2028985507246377
69,0.2028985507246377
70,0.2028985507246377
71,0.2028985507246377
72,0.2028985507246377
73,0.2028985507246377
74,0.2028985507246377
75,0.2028985507246377
76,0.2028985507246377
77,0.2028985507246377
78,0.2028985507246377
79,0.2028985507246377
80,0.2028985507246377
81,0.2028985507246377
82,0.2028985507246377
83,0.2028985507246377
84,0.2028985507246377
85,0.2028985507246377
86,0.2028985507246377
87,0.2028985507246377
88,0.2028985507246377
89,0.2028985507246377
90,0.2028985507246377
91,0.2028985507246377
92,0.2028985507246377
93,0.2028985507246377
94,0.2028985507246377
95,0.2028985507246377
96,0.2028985507246377
97,0.2028985507246377
98,0.2028985507246377
99,0.2028985507246377
100,0.2028985507246377
