0,0.00966183574879227
1,0.00966183574879227
2,0.00966183574879227
3,0.00966183574879227
4,0.00966183574879227
5,0.00966183574879227
6,0.00966183574879227
7,0.00966183574879227
8,0.00966183574879227
9,0.00966183574879227
10,0.00966183574879227
11,0.00966183574879227
12,0.00966183574879227
13,0.00966183574879227
14,0.014492753623188406
15,0.014492753623188406
16,0.014492753623188406
17,0.014492753623188406
18,0.014492753623188406
19,0.014492753623188406
20,0.014492753623188406
21,0.014492753623188406
22,0.014492753623188406
23,0.014492753623188406
24,0.014492753623188406
25,0.014492753623188406
26,0.014492753623188406
27,0.014492753623188406
28,0.014492753623188406
29,0.014492753623188406
30,0.014492753623188406
31,0.014492753623188406
32,0.014492753623188406
33,0.014492753623188406
34,0.014492753623188406
35,0.014492753623188406
36,0.014492753623188406
37,0.014492753623188406
38,0.014492753623188406
39,0.014492753623188406
40,0.03864734299516908
41,0.03864734299516908
42,0.03864734299516908
43,0.043478260869565216
44,0.057971014492753624
45,0.057971014492753624
46,0.057971014492753624
47,0.057971014492753624
48,0.057971014492753624
49,0.057971014492753624
50,0.10144927536231885
51,0.10144927536231885
52,0.10144927536231885
53,0.10144927536231885
54,0.10144927536231885
55,0.10144927536231885
56,0.10144927536231885
57,0.10144927536231885
58,0.10144927536231885
59,0.10144927536231885
60,0.10144927536231885
61,0.10144927536231885
62,0.10144927536231885
63,0.10144927536231885
64,0.10144927536231885
65,0.10144927536231885
66,0.12077294685990338
67,0.12077294685990338
68,0.12077294685990338
69,0.12077294685990338
70,0.12077294685990338
71,0.12077294685990338
72,0.12077294685990338
73,0.12077294685990338
74,0.12077294685990338
75,0.12077294685990338
76,0.12077294685990338
77,0.12077294685990338
78,0.12077294685990338
79,0.12077294685990338
80,0.12077294685990338
81,0.12077294685990338
82,0.12077294685990338
83,0.12077294685990338
84,0.12077294685990338
85,0.12077294685990338
86,0.13043478260869565
87,0.13043478260869565
88,0.13043478260869565
89,0.13043478260869565
90,0.13043478260869565
91,0.13043478260869565
92,0.13043478260869565
93,0.13043478260869565
94,0.13043478260869565
95,0.13043478260869565
96,0.13043478260869565
97,0.13043478260869565
98,0.13043478260869565
99,0.13043478260869565
100,0.13043478260869565
