0,0.0
1,0.0
2,0.0
3,0.0
4,0.0
5,0.0
6,0.0
7,0.0
8,0.0
9,0.0
10,0.0
11,0.0
12,0.0
13,0.0
14,0.0
15,0.0
16,0.0
17,0.0
18,0.0
19,0.0
20,0.0
21,0.0
22,0.0
23,0.033816425120772944
24,0.1497584541062802
25,0.1497584541062802
26,0.1497584541062802
27,0.1497584541062802
28,0.1497584541062802
29,0.2463768115942029
30,0.2463768115942029
31,0.2463768115942029
32,0.2463768115942029
33,0.2560386473429952
34,0.2608695652173913
35,0.2608695652173913
36,0.2608695652173913
37,0.2608695652173913
38,0.2608695652173913
39,0.2608695652173913
40,0.2608695652173913
41,0.2608695652173913
42,0.2608695652173913
43,0.2608695652173913
44,0.2608695652173913
45,0.2608695652173913
46,0.2608695652173913
47,0.2608695652173913
48,0.2608695652173913
49,0.2608695652173913
50,0.28502415458937197
51,0.28502415458937197
52,0.28502415458937197
53,0.28502415458937197
54,0.28502415458937197
55,0.28502415458937197
56,0.28502415458937197
57,0.28502415458937197
58,0.28502415458937197
59,0.28502415458937197
60,0.28502415458937197
61,0.2898550724637681
62,0.2898550724637681
63,0.2898550724637681
64,0.2898550724637681
65,0.2898550724637681
66,0.2898550724637681
67,0.2898550724637681
68,0.2898550724637681
69,0.2898550724637681
70,0.2898550724637681
71,0.2898550724637681
72,0.2898550724637681
73,0.2898550724637681
74,0.2898550724637681
75,0.2898550724637681
76,0.2898550724637681
77,0.2898550724637681
78,0.2898550724637681
79,0.2898550724637681
80,0.2898550724637681
81,0.2898550724637681
82,0.2898550724637681
83,0.2898550724637681
84,0.2898550724637681
85,0.2898550724637681
86,0.2898550724637681
87,0.2898550724637681
