0,0.00966183574879227
1,0.00966183574879227
2,0.00966183574879227
3,0.00966183574879227
4,0.00966183574879227
5,0.00966183574879227
6,0.014492753623188406
7,0.014492753623188406
8,0.014492753623188406
9,0.014492753623188406
10,0.014492753623188406
11,0.014492753623188406
12,0.014492753623188406
13,0.014492753623188406
14,0.014492753623188406
15,0.014492753623188406
16,0.014492753623188406
17,0.014492753623188406
18,0.014492753623188406
19,0.014492753623188406
20,0.014492753623188406
21,0.014492753623188406
22,0.01932367149758454
23,0.01932367149758454
24,0.01932367149758454
25,0.01932367149758454
26,0.01932367149758454
27,0.01932367149758454
28,0.01932367149758454
29,0.01932367149758454
30,0.01932367149758454
31,0.01932367149758454
32,0.01932367149758454
33,0.01932367149758454
34,0.01932367149758454
35,0.01932367149758454
36,0.01932367149758454
37,0.01932367149758454
38,0.01932367149758454
39,0.01932367149758454
40,0.01932367149758454
41,0.01932367149758454
42,0.01932367149758454
43,0.01932367149758454
44,0.01932367149758454
45,0.01932367149758454
46,0.01932367149758454
47,0.01932367149758454
48,0.024154589371980676
49,0.024154589371980676
50,0.024154589371980676
51,0.024154589371980676
52,0.024154589371980676
53,0.024154589371980676
54,0.024154589371980676
55,0.024154589371980676
56,0.024154589371980676
57,0.024154589371980676
58,0.024154589371980676
59,0.024154589371980676
60,0.024154589371980676
61,0.024154589371980676
62,0.024154589371980676
63,0.024154589371980676
64,0.024154589371980676
65,0.024154589371980676
66,0.024154589371980676
67,0.024154589371980676
68,0.024154589371980676
69,0.024154589371980676
70,0.024154589371980676
71,0.024154589371980676
72,0.024154589371980676
73,0.024154589371980676
74,0.024154589371980676
75,0.024154589371980676
76,0.024154589371980676
77,0.024154589371980676
78,0.024154589371980676
79,0.024154589371980676
80,0.024154589371980676
81,0.024154589371980676
82,0.024154589371980676
83,0.024154589371980676
84,0.024154589371980676
85,0.024154589371980676
86,0.024154589371980676
87,0.024154589371980676
88,0.024154589371980676
89,0.024154589371980676
90,0.024154589371980676
91,0.024154589371980676
92,0.024154589371980676
93,0.024154589371980676
94,0.024154589371980676
95,0.024154589371980676
96,0.024154589371980676
97,0.024154589371980676
98,0.028985507246376812
99,0.028985507246376812
100,0.028985507246376812
