0,0.014492753623188406
1,0.024154589371980676
2,0.033816425120772944
3,0.03864734299516908
4,0.03864734299516908
5,0.03864734299516908
6,0.03864734299516908
7,0.03864734299516908
8,0.03864734299516908
9,0.03864734299516908
10,0.03864734299516908
11,0.04830917874396135
12,0.05314009661835749
13,0.05314009661835749
14,0.05314009661835749
15,0.05314009661835749
16,0.05314009661835749
17,0.05314009661835749
18,0.05314009661835749
19,0.05314009661835749
20,0.05314009661835749
21,0.05314009661835749
22,0.05314009661835749
23,0.05314009661835749
24,0.057971014492753624
25,0.057971014492753624
26,0.057971014492753624
27,0.057971014492753624
28,0.057971014492753624
29,0.057971014492753624
30,0.057971014492753624
31,0.09178743961352658
32,0.09178743961352658
33,0.09178743961352658
34,0.09178743961352658
35,0.09178743961352658
36,0.09178743961352658
37,0.09178743961352658
