0,0.014492753623188406
1,0.024154589371980676
2,0.033816425120772944
3,0.033816425120772944
4,0.033816425120772944
5,0.033816425120772944
6,0.033816425120772944
7,0.033816425120772944
8,0.033816425120772944
9,0.033816425120772944
10,0.033816425120772944
11,0.03864734299516908
12,0.03864734299516908
13,0.04830917874396135
14,0.04830917874396135
15,0.07246376811594203
16,0.07246376811594203
17,0.07246376811594203
18,0.07246376811594203
19,0.07246376811594203
20,0.07246376811594203
21,0.07246376811594203
22,0.07246376811594203
23,0.07246376811594203
24,0.07246376811594203
25,0.07246376811594203
26,0.07246376811594203
27,0.07246376811594203
28,0.07246376811594203
29,0.07246376811594203
30,0.07246376811594203
31,0.07246376811594203
32,0.07246376811594203
33,0.07246376811594203
34,0.07246376811594203
35,0.07246376811594203
36,0.07246376811594203
37,0.07246376811594203
38,0.07246376811594203
39,0.07246376811594203
40,0.07246376811594203
41,0.07246376811594203
42,0.07246376811594203
43,0.07246376811594203
44,0.07246376811594203
45,0.07246376811594203
46,0.07246376811594203
47,0.07246376811594203
48,0.07246376811594203
