0,0.033816425120772944
1,0.033816425120772944
2,0.043478260869565216
3,0.06280193236714976
4,0.07246376811594203
5,0.08695652173913043
6,0.10628019323671498
7,0.10628019323671498
8,0.1111111111111111
9,0.1111111111111111
10,0.1111111111111111
11,0.1111111111111111
12,0.1111111111111111
13,0.1111111111111111
14,0.1111111111111111
15,0.1111111111111111
16,0.12077294685990338
17,0.12077294685990338
18,0.12077294685990338
19,0.12077294685990338
20,0.12077294685990338
21,0.12077294685990338
22,0.12077294685990338
23,0.12077294685990338
24,0.12077294685990338
25,0.12077294685990338
26,0.12077294685990338
27,0.12077294685990338
28,0.12077294685990338
29,0.12077294685990338
30,0.12077294685990338
31,0.12077294685990338
32,0.12077294685990338
33,0.12077294685990338
34,0.12077294685990338
