0,0.01932367149758454
1,0.01932367149758454
2,0.01932367149758454
3,0.01932367149758454
4,0.01932367149758454
5,0.024154589371980676
6,0.024154589371980676
7,0.024154589371980676
8,0.024154589371980676
9,0.024154589371980676
10,0.024154589371980676
11,0.024154589371980676
12,0.024154589371980676
13,0.024154589371980676
14,0.024154589371980676
15,0.024154589371980676
16,0.024154589371980676
17,0.024154589371980676
18,0.024154589371980676
19,0.024154589371980676
20,0.024154589371980676
21,0.024154589371980676
22,0.024154589371980676
23,0.024154589371980676
24,0.024154589371980676
25,0.024154589371980676
26,0.024154589371980676
27,0.028985507246376812
28,0.028985507246376812
29,0.028985507246376812
30,0.028985507246376812
31,0.028985507246376812
32,0.028985507246376812
33,0.028985507246376812
34,0.028985507246376812
35,0.028985507246376812
36,0.028985507246376812
37,0.028985507246376812
38,0.028985507246376812
39,0.028985507246376812
40,0.028985507246376812
41,0.028985507246376812
42,0.028985507246376812
43,0.028985507246376812
44,0.028985507246376812
45,0.028985507246376812
46,0.028985507246376812
47,0.028985507246376812
48,0.028985507246376812
49,0.043478260869565216
50,0.043478260869565216
51,0.043478260869565216
52,0.043478260869565216
53,0.043478260869565216
54,0.043478260869565216
55,0.043478260869565216
56,0.043478260869565216
57,0.043478260869565216
58,0.043478260869565216
59,0.043478260869565216
60,0.043478260869565216
61,0.043478260869565216
62,0.043478260869565216
63,0.043478260869565216
64,0.043478260869565216
65,0.043478260869565216
66,0.043478260869565216
67,0.043478260869565216
68,0.043478260869565216
69,0.043478260869565216
70,0.043478260869565216
71,0.043478260869565216
72,0.043478260869565216
73,0.043478260869565216
74,0.043478260869565216
75,0.043478260869565216
76,0.043478260869565216
77,0.043478260869565216
78,0.043478260869565216
79,0.043478260869565216
80,0.043478260869565216
81,0.043478260869565216
82,0.043478260869565216
83,0.043478260869565216
84,0.043478260869565216
85,0.043478260869565216
86,0.043478260869565216
87,0.043478260869565216
88,0.043478260869565216
89,0.043478260869565216
90,0.043478260869565216
