0,0.00966183574879227
1,0.01932367149758454
2,0.01932367149758454
3,0.01932367149758454
4,0.028985507246376812
5,0.028985507246376812
6,0.028985507246376812
7,0.028985507246376812
8,0.028985507246376812
9,0.028985507246376812
10,0.028985507246376812
11,0.028985507246376812
12,0.028985507246376812
13,0.033816425120772944
14,0.04830917874396135
15,0.04830917874396135
16,0.04830917874396135
17,0.04830917874396135
18,0.04830917874396135
19,0.04830917874396135
20,0.04830917874396135
21,0.04830917874396135
22,0.04830917874396135
23,0.04830917874396135
24,0.04830917874396135
25,0.04830917874396135
26,0.04830917874396135
27,0.04830917874396135
28,0.04830917874396135
29,0.04830917874396135
30,0.04830917874396135
31,0.04830917874396135
32,0.04830917874396135
33,0.04830917874396135
34,0.05314009661835749
35,0.05314009661835749
36,0.05314009661835749
37,0.06763285024154589
38,0.06763285024154589
39,0.06763285024154589
40,0.06763285024154589
