0,0.00966183574879227
1,0.00966183574879227
2,0.014492753623188406
3,0.014492753623188406
4,0.014492753623188406
5,0.014492753623188406
6,0.014492753623188406
7,0.014492753623188406
8,0.014492753623188406
9,0.03864734299516908
10,0.043478260869565216
11,0.043478260869565216
12,0.043478260869565216
13,0.04830917874396135
14,0.06280193236714976
15,0.06280193236714976
16,0.06280193236714976
17,0.06280193236714976
18,0.06280193236714976
19,0.06280193236714976
20,0.06280193236714976
21,0.06280193236714976
22,0.06280193236714976
23,0.06280193236714976
24,0.06280193236714976
25,0.06280193236714976
26,0.06280193236714976
27,0.06280193236714976
28,0.06280193236714976
29,0.06280193236714976
30,0.06280193236714976
31,0.06280193236714976
32,0.06280193236714976
33,0.06280193236714976
34,0.06280193236714976
35,0.06280193236714976
36,0.06280193236714976
37,0.06280193236714976
38,0.06280193236714976
39,0.06280193236714976
40,0.06280193236714976
41,0.06280193236714976
42,0.06280193236714976
43,0.06280193236714976
44,0.06280193236714976
45,0.06280193236714976
46,0.06280193236714976
47,0.06280193236714976
48,0.06280193236714976
49,0.06280193236714976
50,0.06280193236714976
51,0.06280193236714976
52,0.06763285024154589
53,0.06763285024154589
54,0.06763285024154589
55,0.06763285024154589
56,0.06763285024154589
57,0.06763285024154589
58,0.06763285024154589
59,0.06763285024154589
60,0.06763285024154589
61,0.06763285024154589
62,0.06763285024154589
63,0.06763285024154589
64,0.06763285024154589
65,0.06763285024154589
66,0.06763285024154589
67,0.06763285024154589
68,0.06763285024154589
69,0.06763285024154589
70,0.06763285024154589
71,0.06763285024154589
72,0.06763285024154589
73,0.06763285024154589
74,0.06763285024154589
75,0.06763285024154589
76,0.06763285024154589
77,0.06763285024154589
78,0.06763285024154589
79,0.06763285024154589
80,0.06763285024154589
81,0.06763285024154589
82,0.06763285024154589
