0,0.0
1,0.0
2,0.0
3,0.014492753623188406
4,0.014492753623188406
5,0.014492753623188406
6,0.014492753623188406
7,0.014492753623188406
8,0.014492753623188406
9,0.014492753623188406
10,0.014492753623188406
11,0.014492753623188406
12,0.014492753623188406
13,0.028985507246376812
14,0.028985507246376812
15,0.028985507246376812
16,0.028985507246376812
17,0.028985507246376812
18,0.028985507246376812
19,0.028985507246376812
20,0.028985507246376812
21,0.028985507246376812
22,0.028985507246376812
23,0.028985507246376812
24,0.028985507246376812
25,0.028985507246376812
26,0.028985507246376812
27,0.028985507246376812
28,0.028985507246376812
29,0.028985507246376812
30,0.028985507246376812
31,0.028985507246376812
32,0.028985507246376812
33,0.028985507246376812
34,0.028985507246376812
35,0.028985507246376812
36,0.028985507246376812
37,0.028985507246376812
38,0.028985507246376812
39,0.028985507246376812
40,0.028985507246376812
41,0.028985507246376812
42,0.028985507246376812
43,0.03864734299516908
44,0.043478260869565216
45,0.0821256038647343
46,0.10628019323671498
47,0.1497584541062802
48,0.1497584541062802
49,0.1497584541062802
50,0.1497584541062802
51,0.1497584541062802
52,0.1497584541062802
53,0.1497584541062802
54,0.1497584541062802
55,0.1497584541062802
56,0.1497584541062802
57,0.1497584541062802
58,0.1497584541062802
59,0.1497584541062802
60,0.1497584541062802
61,0.1497584541062802
62,0.1497584541062802
63,0.1497584541062802
64,0.1497584541062802
65,0.1497584541062802
66,0.1497584541062802
