0,0.014492753623188406
1,0.01932367149758454
2,0.028985507246376812
3,0.028985507246376812
4,0.028985507246376812
5,0.028985507246376812
6,0.028985507246376812
7,0.028985507246376812
8,0.028985507246376812
9,0.028985507246376812
10,0.028985507246376812
11,0.028985507246376812
12,0.028985507246376812
13,0.057971014492753624
14,0.057971014492753624
15,0.057971014492753624
16,0.057971014492753624
17,0.057971014492753624
18,0.057971014492753624
19,0.06763285024154589
20,0.06763285024154589
21,0.06763285024154589
22,0.06763285024154589
23,0.0821256038647343
24,0.0821256038647343
25,0.10628019323671498
26,0.1111111111111111
27,0.1111111111111111
28,0.1111111111111111
29,0.12077294685990338
30,0.12560386473429952
31,0.13526570048309178
32,0.13526570048309178
33,0.14492753623188406
34,0.1497584541062802
35,0.2028985507246377
36,0.2028985507246377
37,0.2318840579710145
38,0.2318840579710145
39,0.2318840579710145
40,0.2318840579710145
41,0.2318840579710145
42,0.2318840579710145
43,0.2318840579710145
44,0.2318840579710145
45,0.2318840579710145
46,0.2318840579710145
47,0.2318840579710145
