0,0.01932367149758454
1,0.028985507246376812
2,0.028985507246376812
3,0.028985507246376812
4,0.033816425120772944
5,0.04830917874396135
6,0.06763285024154589
7,0.07246376811594203
8,0.09178743961352658
9,0.09178743961352658
10,0.09178743961352658
11,0.09178743961352658
12,0.09178743961352658
13,0.09178743961352658
14,0.09178743961352658
15,0.09178743961352658
16,0.09178743961352658
17,0.09178743961352658
18,0.09178743961352658
19,0.09178743961352658
20,0.10628019323671498
21,0.10628019323671498
22,0.11594202898550725
23,0.11594202898550725
