0,0.00966183574879227
1,0.00966183574879227
2,0.00966183574879227
3,0.00966183574879227
4,0.014492753623188406
5,0.014492753623188406
6,0.014492753623188406
7,0.014492753623188406
8,0.014492753623188406
9,0.01932367149758454
10,0.028985507246376812
11,0.04830917874396135
12,0.07246376811594203
13,0.07246376811594203
14,0.08695652173913043
15,0.08695652173913043
16,0.09178743961352658
17,0.10144927536231885
18,0.10144927536231885
19,0.11594202898550725
20,0.11594202898550725
21,0.11594202898550725
22,0.11594202898550725
23,0.11594202898550725
24,0.11594202898550725
25,0.11594202898550725
26,0.12560386473429952
27,0.12560386473429952
28,0.13043478260869565
29,0.13043478260869565
30,0.13043478260869565
31,0.13043478260869565
32,0.13043478260869565
