0,0.0
1,0.0
2,0.0
3,0.01932367149758454
4,0.01932367149758454
5,0.01932367149758454
6,0.01932367149758454
7,0.01932367149758454
8,0.01932367149758454
9,0.01932367149758454
10,0.01932367149758454
11,0.01932367149758454
12,0.01932367149758454
13,0.01932367149758454
14,0.01932367149758454
15,0.01932367149758454
16,0.01932367149758454
17,0.01932367149758454
18,0.01932367149758454
19,0.01932367149758454
20,0.01932367149758454
21,0.01932367149758454
22,0.01932367149758454
23,0.01932367149758454
24,0.024154589371980676
25,0.024154589371980676
26,0.024154589371980676
27,0.024154589371980676
28,0.024154589371980676
29,0.024154589371980676
30,0.024154589371980676
31,0.024154589371980676
32,0.024154589371980676
33,0.024154589371980676
34,0.024154589371980676
35,0.024154589371980676
36,0.024154589371980676
37,0.024154589371980676
38,0.024154589371980676
39,0.024154589371980676
40,0.024154589371980676
41,0.024154589371980676
42,0.024154589371980676
43,0.024154589371980676
44,0.024154589371980676
45,0.024154589371980676
46,0.024154589371980676
47,0.024154589371980676
48,0.024154589371980676
49,0.024154589371980676
50,0.024154589371980676
51,0.024154589371980676
52,0.024154589371980676
53,0.024154589371980676
54,0.028985507246376812
55,0.028985507246376812
56,0.033816425120772944
57,0.033816425120772944
58,0.033816425120772944
59,0.033816425120772944
60,0.033816425120772944
61,0.033816425120772944
62,0.033816425120772944
63,0.033816425120772944
64,0.033816425120772944
65,0.033816425120772944
66,0.033816425120772944
67,0.033816425120772944
68,0.033816425120772944
69,0.033816425120772944
70,0.033816425120772944
71,0.04830917874396135
72,0.04830917874396135
73,0.04830917874396135
74,0.04830917874396135
75,0.04830917874396135
76,0.04830917874396135
77,0.04830917874396135
78,0.04830917874396135
79,0.04830917874396135
80,0.04830917874396135
81,0.04830917874396135
82,0.04830917874396135
83,0.04830917874396135
84,0.04830917874396135
85,0.04830917874396135
86,0.04830917874396135
87,0.04830917874396135
88,0.04830917874396135
89,0.04830917874396135
90,0.04830917874396135
91,0.04830917874396135
92,0.04830917874396135
93,0.04830917874396135
94,0.04830917874396135
95,0.04830917874396135
96,0.04830917874396135
97,0.04830917874396135
98,0.04830917874396135
99,0.04830917874396135
100,0.04830917874396135
