0,0.0
1,0.0
2,0.0
3,0.0
4,0.0
5,0.0
6,0.0
7,0.0
8,0.0
9,0.0
10,0.0
11,0.0
12,0.0
13,0.0
14,0.0
15,0.0
16,0.0
17,0.0
18,0.0
19,0.0
20,0.0
21,0.0
22,0.0
23,0.024154589371980676
24,0.024154589371980676
25,0.024154589371980676
26,0.024154589371980676
27,0.024154589371980676
28,0.024154589371980676
29,0.024154589371980676
30,0.024154589371980676
31,0.024154589371980676
32,0.024154589371980676
33,0.024154589371980676
34,0.024154589371980676
35,0.024154589371980676
36,0.024154589371980676
37,0.024154589371980676
38,0.024154589371980676
39,0.024154589371980676
40,0.024154589371980676
41,0.024154589371980676
42,0.024154589371980676
43,0.024154589371980676
44,0.024154589371980676
45,0.024154589371980676
46,0.024154589371980676
47,0.024154589371980676
48,0.024154589371980676
49,0.024154589371980676
50,0.024154589371980676
51,0.024154589371980676
52,0.024154589371980676
53,0.024154589371980676
54,0.024154589371980676
55,0.024154589371980676
56,0.024154589371980676
57,0.024154589371980676
58,0.024154589371980676
59,0.024154589371980676
60,0.024154589371980676
61,0.024154589371980676
62,0.024154589371980676
63,0.024154589371980676
64,0.024154589371980676
65,0.024154589371980676
66,0.024154589371980676
67,0.024154589371980676
68,0.024154589371980676
69,0.06763285024154589
70,0.06763285024154589
71,0.09178743961352658
72,0.14009661835748793
73,0.1642512077294686
74,0.1642512077294686
75,0.1642512077294686
76,0.17391304347826086
77,0.17391304347826086
78,0.17391304347826086
79,0.17391304347826086
80,0.17391304347826086
81,0.17391304347826086
82,0.178743961352657
83,0.178743961352657
84,0.178743961352657
85,0.178743961352657
86,0.178743961352657
87,0.178743961352657
88,0.178743961352657
89,0.178743961352657
90,0.178743961352657
91,0.178743961352657
92,0.178743961352657
93,0.178743961352657
94,0.178743961352657
95,0.178743961352657
96,0.178743961352657
97,0.178743961352657
98,0.178743961352657
99,0.178743961352657
100,0.178743961352657
