0,0.043478260869565216
1,0.043478260869565216
2,0.04830917874396135
3,0.178743961352657
4,0.28019323671497587
5,0.28019323671497587
6,0.28019323671497587
7,0.28019323671497587
8,0.28019323671497587
9,0.28019323671497587
10,0.28019323671497587
11,0.3671497584541063
12,0.3671497584541063
13,0.3671497584541063
14,0.3671497584541063
15,0.3671497584541063
16,0.3671497584541063
17,0.3671497584541063
18,0.3671497584541063
19,0.3671497584541063
20,0.3671497584541063
21,0.3671497584541063
22,0.3671497584541063
23,0.3671497584541063
24,0.3671497584541063
25,0.3671497584541063
26,0.3671497584541063
27,0.3671497584541063
28,0.3671497584541063
29,0.3671497584541063
30,0.3671497584541063
31,0.3671497584541063
32,0.3671497584541063
33,0.3671497584541063
34,0.3671497584541063
35,0.3671497584541063
36,0.3671497584541063
37,0.3671497584541063
38,0.3671497584541063
39,0.3671497584541063
40,0.3671497584541063
41,0.3671497584541063
42,0.3671497584541063
43,0.3671497584541063
44,0.3671497584541063
