0,0.0
1,0.0
2,0.0
3,0.014492753623188406
4,0.014492753623188406
5,0.014492753623188406
6,0.014492753623188406
7,0.014492753623188406
8,0.014492753623188406
9,0.014492753623188406
10,0.014492753623188406
11,0.014492753623188406
12,0.014492753623188406
13,0.014492753623188406
14,0.014492753623188406
15,0.014492753623188406
16,0.014492753623188406
17,0.014492753623188406
18,0.01932367149758454
19,0.01932367149758454
20,0.01932367149758454
21,0.01932367149758454
22,0.01932367149758454
23,0.01932367149758454
24,0.01932367149758454
25,0.01932367149758454
26,0.01932367149758454
27,0.01932367149758454
28,0.01932367149758454
29,0.01932367149758454
30,0.01932367149758454
31,0.01932367149758454
32,0.01932367149758454
33,0.028985507246376812
34,0.028985507246376812
35,0.028985507246376812
36,0.028985507246376812
37,0.028985507246376812
38,0.028985507246376812
39,0.028985507246376812
40,0.028985507246376812
41,0.028985507246376812
42,0.028985507246376812
43,0.028985507246376812
44,0.028985507246376812
45,0.028985507246376812
46,0.028985507246376812
47,0.028985507246376812
48,0.028985507246376812
49,0.028985507246376812
50,0.028985507246376812
51,0.028985507246376812
52,0.028985507246376812
53,0.028985507246376812
54,0.028985507246376812
55,0.028985507246376812
56,0.028985507246376812
57,0.03864734299516908
58,0.03864734299516908
59,0.03864734299516908
60,0.05314009661835749
61,0.09178743961352658
62,0.09178743961352658
63,0.10144927536231885
64,0.10628019323671498
65,0.1111111111111111
66,0.1111111111111111
67,0.12560386473429952
68,0.12560386473429952
69,0.12560386473429952
70,0.13526570048309178
71,0.13526570048309178
72,0.13526570048309178
73,0.14492753623188406
74,0.14492753623188406
75,0.14492753623188406
76,0.14492753623188406
77,0.14492753623188406
78,0.14492753623188406
79,0.16908212560386474
80,0.16908212560386474
81,0.16908212560386474
82,0.19806763285024154
83,0.19806763285024154
84,0.19806763285024154
85,0.20772946859903382
86,0.20772946859903382
87,0.20772946859903382
