0,0.0
1,0.0
2,0.0
3,0.0
4,0.0
5,0.0
6,0.0
7,0.0
8,0.0
9,0.0
10,0.0
11,0.0
12,0.0
13,0.0
14,0.0
15,0.0
16,0.06763285024154589
17,0.06763285024154589
18,0.06763285024154589
19,0.07246376811594203
20,0.09178743961352658
21,0.15942028985507245
22,0.18357487922705315
23,0.18357487922705315
24,0.18357487922705315
25,0.18357487922705315
26,0.18357487922705315
27,0.18357487922705315
28,0.18357487922705315
29,0.18357487922705315
30,0.18357487922705315
31,0.18357487922705315
32,0.18357487922705315
33,0.18357487922705315
34,0.18357487922705315
35,0.18357487922705315
36,0.18357487922705315
37,0.18357487922705315
38,0.18357487922705315
39,0.18357487922705315
40,0.18357487922705315
41,0.18357487922705315
42,0.18357487922705315
43,0.18357487922705315
44,0.18357487922705315
45,0.18357487922705315
46,0.18357487922705315
47,0.18357487922705315
48,0.18357487922705315
49,0.18357487922705315
50,0.18357487922705315
51,0.18357487922705315
52,0.18357487922705315
53,0.18357487922705315
54,0.18357487922705315
55,0.18357487922705315
56,0.18357487922705315
57,0.18357487922705315
58,0.18357487922705315
59,0.18357487922705315
