0,0.024154589371980676
1,0.024154589371980676
2,0.024154589371980676
3,0.028985507246376812
4,0.028985507246376812
5,0.03864734299516908
6,0.03864734299516908
7,0.043478260869565216
8,0.043478260869565216
9,0.043478260869565216
10,0.043478260869565216
11,0.043478260869565216
12,0.043478260869565216
13,0.043478260869565216
14,0.043478260869565216
15,0.043478260869565216
16,0.043478260869565216
17,0.043478260869565216
18,0.043478260869565216
19,0.043478260869565216
20,0.043478260869565216
21,0.043478260869565216
22,0.043478260869565216
23,0.043478260869565216
24,0.043478260869565216
25,0.043478260869565216
26,0.043478260869565216
27,0.043478260869565216
28,0.043478260869565216
29,0.043478260869565216
30,0.043478260869565216
31,0.043478260869565216
32,0.043478260869565216
33,0.043478260869565216
34,0.043478260869565216
35,0.043478260869565216
36,0.043478260869565216
37,0.043478260869565216
38,0.043478260869565216
39,0.043478260869565216
40,0.043478260869565216
41,0.043478260869565216
42,0.043478260869565216
43,0.043478260869565216
44,0.043478260869565216
45,0.043478260869565216
46,0.043478260869565216
47,0.043478260869565216
48,0.043478260869565216
49,0.043478260869565216
50,0.043478260869565216
51,0.043478260869565216
52,0.043478260869565216
53,0.043478260869565216
54,0.043478260869565216
55,0.043478260869565216
56,0.043478260869565216
57,0.043478260869565216
58,0.04830917874396135
59,0.04830917874396135
60,0.04830917874396135
61,0.04830917874396135
62,0.04830917874396135
63,0.04830917874396135
64,0.04830917874396135
65,0.04830917874396135
66,0.04830917874396135
67,0.04830917874396135
68,0.04830917874396135
69,0.04830917874396135
70,0.04830917874396135
71,0.04830917874396135
72,0.04830917874396135
73,0.04830917874396135
74,0.04830917874396135
75,0.04830917874396135
76,0.05314009661835749
77,0.05314009661835749
78,0.05314009661835749
79,0.05314009661835749
80,0.06763285024154589
81,0.06763285024154589
82,0.06763285024154589
83,0.06763285024154589
84,0.06763285024154589
85,0.06763285024154589
86,0.06763285024154589
87,0.06763285024154589
88,0.06763285024154589
89,0.06763285024154589
90,0.06763285024154589
91,0.06763285024154589
92,0.06763285024154589
93,0.06763285024154589
94,0.06763285024154589
95,0.06763285024154589
96,0.06763285024154589
97,0.06763285024154589
98,0.06763285024154589
99,0.06763285024154589
100,0.06763285024154589
