0,0.01932367149758454
1,0.01932367149758454
2,0.06280193236714976
3,0.13526570048309178
4,0.18840579710144928
5,0.2222222222222222
6,0.2753623188405797
7,0.2753623188405797
8,0.2753623188405797
9,0.2753623188405797
10,0.2753623188405797
11,0.2753623188405797
12,0.34299516908212563
13,0.34299516908212563
14,0.34299516908212563
15,0.34299516908212563
16,0.34299516908212563
17,0.34299516908212563
18,0.34299516908212563
19,0.34299516908212563
20,0.34299516908212563
21,0.34299516908212563
22,0.34299516908212563
23,0.34299516908212563
24,0.34299516908212563
25,0.34299516908212563
26,0.34299516908212563
27,0.34299516908212563
28,0.34299516908212563
29,0.34299516908212563
30,0.34299516908212563
31,0.34299516908212563
32,0.34299516908212563
33,0.34299516908212563
34,0.34299516908212563
35,0.34299516908212563
36,0.34299516908212563
37,0.34299516908212563
38,0.34299516908212563
39,0.34299516908212563
40,0.34299516908212563
41,0.34299516908212563
