0,0.00966183574879227
1,0.014492753623188406
2,0.014492753623188406
3,0.07729468599033816
4,0.10144927536231885
5,0.12077294685990338
6,0.12077294685990338
7,0.12077294685990338
8,0.14009661835748793
9,0.14009661835748793
10,0.14009661835748793
11,0.14009661835748793
12,0.14009661835748793
13,0.14009661835748793
14,0.14009661835748793
15,0.14009661835748793
16,0.14009661835748793
17,0.14009661835748793
18,0.14009661835748793
19,0.14492753623188406
20,0.14492753623188406
21,0.14492753623188406
22,0.14492753623188406
23,0.14492753623188406
24,0.14492753623188406
25,0.14492753623188406
26,0.14492753623188406
27,0.14492753623188406
28,0.14492753623188406
29,0.14492753623188406
30,0.14492753623188406
31,0.14492753623188406
32,0.14492753623188406
33,0.14492753623188406
34,0.14492753623188406
35,0.14492753623188406
36,0.14492753623188406
