0,0.0
1,0.0
2,0.0
3,0.0
4,0.0
5,0.0
6,0.0
7,0.0
8,0.0
9,0.0
10,0.00966183574879227
11,0.00966183574879227
12,0.00966183574879227
13,0.00966183574879227
14,0.00966183574879227
15,0.00966183574879227
16,0.00966183574879227
17,0.00966183574879227
18,0.033816425120772944
19,0.033816425120772944
20,0.04830917874396135
21,0.057971014492753624
22,0.06763285024154589
23,0.0821256038647343
24,0.0821256038647343
25,0.0966183574879227
26,0.0966183574879227
27,0.0966183574879227
28,0.0966183574879227
29,0.0966183574879227
30,0.0966183574879227
31,0.0966183574879227
32,0.10144927536231885
33,0.10144927536231885
34,0.10144927536231885
35,0.10144927536231885
36,0.10144927536231885
37,0.10144927536231885
38,0.10144927536231885
39,0.10144927536231885
40,0.10144927536231885
41,0.10144927536231885
42,0.10144927536231885
43,0.10144927536231885
