0,0.024154589371980676
1,0.028985507246376812
2,0.028985507246376812
3,0.06280193236714976
4,0.06280193236714976
5,0.07246376811594203
6,0.0821256038647343
7,0.0966183574879227
8,0.10144927536231885
9,0.10144927536231885
10,0.10144927536231885
11,0.10144927536231885
12,0.10144927536231885
13,0.10144927536231885
14,0.10144927536231885
15,0.10144927536231885
16,0.10144927536231885
17,0.10144927536231885
18,0.10144927536231885
19,0.10144927536231885
20,0.10144927536231885
21,0.10144927536231885
22,0.10144927536231885
23,0.10144927536231885
24,0.1111111111111111
25,0.12560386473429952
26,0.12560386473429952
27,0.12560386473429952
28,0.12560386473429952
29,0.12560386473429952
30,0.12560386473429952
31,0.12560386473429952
32,0.12560386473429952
33,0.12560386473429952
34,0.12560386473429952
35,0.15458937198067632
36,0.15458937198067632
37,0.15458937198067632
38,0.15458937198067632
39,0.15458937198067632
40,0.15458937198067632
41,0.15458937198067632
42,0.18840579710144928
43,0.18840579710144928
44,0.18840579710144928
45,0.18840579710144928
46,0.18840579710144928
47,0.18840579710144928
48,0.18840579710144928
49,0.18840579710144928
50,0.1932367149758454
51,0.2318840579710145
52,0.2318840579710145
