0,0.0
1,0.0
2,0.0
3,0.0
4,0.0
5,0.01932367149758454
6,0.01932367149758454
7,0.01932367149758454
8,0.01932367149758454
9,0.01932367149758454
10,0.01932367149758454
11,0.01932367149758454
12,0.01932367149758454
13,0.01932367149758454
14,0.01932367149758454
15,0.01932367149758454
16,0.01932367149758454
17,0.01932367149758454
18,0.01932367149758454
19,0.03864734299516908
20,0.03864734299516908
21,0.07729468599033816
22,0.09178743961352658
23,0.0966183574879227
24,0.11594202898550725
25,0.14009661835748793
26,0.14009661835748793
27,0.14009661835748793
28,0.14009661835748793
29,0.14009661835748793
30,0.14009661835748793
31,0.14009661835748793
32,0.14009661835748793
33,0.14009661835748793
34,0.14009661835748793
35,0.14009661835748793
36,0.14009661835748793
37,0.14009661835748793
38,0.14009661835748793
39,0.14009661835748793
40,0.14009661835748793
41,0.14009661835748793
42,0.14009661835748793
43,0.14009661835748793
44,0.14009661835748793
45,0.14009661835748793
46,0.14009661835748793
47,0.14009661835748793
48,0.14009661835748793
49,0.14009661835748793
50,0.14009661835748793
