0,0.0
1,0.0
2,0.0
3,0.0
4,0.0
5,0.0
6,0.0
7,0.0
8,0.06280193236714976
9,0.06280193236714976
10,0.06763285024154589
11,0.06763285024154589
12,0.07246376811594203
13,0.07246376811594203
14,0.07246376811594203
15,0.07729468599033816
16,0.07729468599033816
17,0.0821256038647343
18,0.0821256038647343
19,0.0821256038647343
20,0.0821256038647343
21,0.0966183574879227
22,0.0966183574879227
23,0.0966183574879227
24,0.0966183574879227
25,0.0966183574879227
26,0.0966183574879227
27,0.0966183574879227
28,0.0966183574879227
29,0.0966183574879227
30,0.0966183574879227
31,0.0966183574879227
32,0.0966183574879227
33,0.0966183574879227
34,0.0966183574879227
35,0.0966183574879227
36,0.0966183574879227
37,0.0966183574879227
38,0.0966183574879227
39,0.0966183574879227
40,0.1111111111111111
41,0.1111111111111111
42,0.1111111111111111
43,0.1111111111111111
44,0.1111111111111111
45,0.1111111111111111
46,0.1111111111111111
47,0.1111111111111111
48,0.1111111111111111
49,0.1111111111111111
50,0.1111111111111111
51,0.1111111111111111
52,0.1111111111111111
53,0.1111111111111111
54,0.1111111111111111
55,0.1111111111111111
56,0.1111111111111111
57,0.1111111111111111
58,0.1111111111111111
59,0.1111111111111111
60,0.1111111111111111
61,0.1111111111111111
62,0.1111111111111111
63,0.1111111111111111
64,0.1111111111111111
65,0.1111111111111111
66,0.1111111111111111
67,0.1111111111111111
68,0.1111111111111111
69,0.1111111111111111
70,0.1111111111111111
71,0.1111111111111111
72,0.1111111111111111
73,0.1111111111111111
74,0.1111111111111111
75,0.1111111111111111
76,0.1111111111111111
77,0.1111111111111111
78,0.1111111111111111
79,0.1111111111111111
80,0.1111111111111111
81,0.1111111111111111
82,0.1111111111111111
83,0.1111111111111111
84,0.1111111111111111
85,0.1111111111111111
86,0.1111111111111111
87,0.1111111111111111
88,0.1111111111111111
89,0.1111111111111111
90,0.1111111111111111
91,0.1111111111111111
92,0.1111111111111111
93,0.1111111111111111
94,0.1111111111111111
95,0.12077294685990338
96,0.13526570048309178
97,0.13526570048309178
98,0.13526570048309178
99,0.13526570048309178
100,0.13526570048309178
