0,0.0
1,0.00966183574879227
2,0.00966183574879227
3,0.01932367149758454
4,0.01932367149758454
5,0.01932367149758454
6,0.01932367149758454
7,0.01932367149758454
8,0.01932367149758454
9,0.01932367149758454
10,0.01932367149758454
11,0.01932367149758454
12,0.01932367149758454
13,0.01932367149758454
14,0.01932367149758454
15,0.01932367149758454
16,0.01932367149758454
17,0.01932367149758454
18,0.01932367149758454
19,0.01932367149758454
20,0.01932367149758454
21,0.01932367149758454
22,0.01932367149758454
23,0.01932367149758454
24,0.01932367149758454
25,0.01932367149758454
26,0.01932367149758454
27,0.01932367149758454
28,0.01932367149758454
29,0.01932367149758454
30,0.01932367149758454
31,0.01932367149758454
32,0.01932367149758454
33,0.01932367149758454
34,0.01932367149758454
35,0.01932367149758454
36,0.01932367149758454
37,0.033816425120772944
38,0.033816425120772944
39,0.033816425120772944
40,0.033816425120772944
41,0.033816425120772944
42,0.033816425120772944
43,0.033816425120772944
44,0.033816425120772944
45,0.033816425120772944
46,0.033816425120772944
47,0.033816425120772944
48,0.033816425120772944
49,0.033816425120772944
50,0.033816425120772944
51,0.033816425120772944
52,0.033816425120772944
53,0.033816425120772944
54,0.033816425120772944
55,0.033816425120772944
56,0.033816425120772944
57,0.033816425120772944
58,0.033816425120772944
59,0.033816425120772944
60,0.033816425120772944
61,0.033816425120772944
62,0.033816425120772944
63,0.033816425120772944
64,0.033816425120772944
65,0.033816425120772944
66,0.033816425120772944
67,0.033816425120772944
68,0.033816425120772944
69,0.033816425120772944
70,0.033816425120772944
71,0.033816425120772944
72,0.033816425120772944
73,0.033816425120772944
74,0.033816425120772944
75,0.033816425120772944
76,0.033816425120772944
77,0.033816425120772944
78,0.033816425120772944
79,0.033816425120772944
80,0.033816425120772944
81,0.033816425120772944
82,0.033816425120772944
83,0.033816425120772944
84,0.033816425120772944
85,0.033816425120772944
86,0.033816425120772944
87,0.033816425120772944
88,0.033816425120772944
89,0.033816425120772944
90,0.033816425120772944
91,0.033816425120772944
92,0.033816425120772944
93,0.033816425120772944
94,0.033816425120772944
95,0.033816425120772944
96,0.033816425120772944
97,0.033816425120772944
98,0.033816425120772944
99,0.033816425120772944
100,0.033816425120772944
