0,0.00966183574879227
1,0.00966183574879227
2,0.00966183574879227
3,0.014492753623188406
4,0.014492753623188406
5,0.014492753623188406
6,0.014492753623188406
7,0.014492753623188406
8,0.01932367149758454
9,0.07729468599033816
10,0.08695652173913043
11,0.09178743961352658
12,0.09178743961352658
13,0.09178743961352658
14,0.15942028985507245
15,0.15942028985507245
16,0.17391304347826086
17,0.17391304347826086
18,0.178743961352657
19,0.178743961352657
20,0.178743961352657
21,0.178743961352657
22,0.178743961352657
23,0.178743961352657
24,0.178743961352657
25,0.178743961352657
26,0.178743961352657
27,0.178743961352657
28,0.18357487922705315
29,0.18357487922705315
30,0.18357487922705315
31,0.18357487922705315
32,0.21256038647342995
33,0.21256038647342995
34,0.2222222222222222
35,0.2222222222222222
36,0.2222222222222222
37,0.2222222222222222
