0,0.014492753623188406
1,0.024154589371980676
2,0.024154589371980676
3,0.033816425120772944
4,0.05314009661835749
5,0.05314009661835749
6,0.05314009661835749
7,0.06280193236714976
8,0.06280193236714976
9,0.12560386473429952
10,0.12560386473429952
11,0.12560386473429952
12,0.12560386473429952
13,0.12560386473429952
14,0.12560386473429952
15,0.12560386473429952
16,0.12560386473429952
17,0.12560386473429952
18,0.12560386473429952
19,0.12560386473429952
20,0.12560386473429952
21,0.12560386473429952
22,0.12560386473429952
23,0.12560386473429952
24,0.12560386473429952
25,0.12560386473429952
26,0.12560386473429952
27,0.12560386473429952
28,0.12560386473429952
29,0.12560386473429952
30,0.12560386473429952
31,0.12560386473429952
32,0.12560386473429952
33,0.12560386473429952
34,0.12560386473429952
35,0.12560386473429952
36,0.12560386473429952
