0,0.033816425120772944
1,0.033816425120772944
2,0.033816425120772944
3,0.033816425120772944
4,0.033816425120772944
5,0.043478260869565216
6,0.043478260869565216
7,0.06280193236714976
8,0.06280193236714976
9,0.06280193236714976
10,0.06280193236714976
11,0.06280193236714976
12,0.06280193236714976
13,0.06280193236714976
14,0.06280193236714976
15,0.06280193236714976
16,0.06280193236714976
17,0.06280193236714976
18,0.06280193236714976
19,0.06280193236714976
20,0.06280193236714976
21,0.06280193236714976
22,0.06280193236714976
23,0.06280193236714976
24,0.06280193236714976
25,0.06280193236714976
26,0.06280193236714976
27,0.06280193236714976
28,0.06280193236714976
29,0.06280193236714976
30,0.06280193236714976
31,0.06280193236714976
32,0.06280193236714976
33,0.06280193236714976
34,0.06280193236714976
35,0.06280193236714976
36,0.06280193236714976
37,0.06280193236714976
38,0.06280193236714976
39,0.06280193236714976
40,0.06280193236714976
41,0.06280193236714976
42,0.06280193236714976
43,0.06280193236714976
44,0.06280193236714976
45,0.06280193236714976
46,0.06280193236714976
47,0.06280193236714976
48,0.06280193236714976
49,0.06280193236714976
50,0.06280193236714976
51,0.06280193236714976
52,0.06280193236714976
53,0.06280193236714976
54,0.06280193236714976
55,0.06280193236714976
56,0.06280193236714976
57,0.06280193236714976
58,0.06280193236714976
59,0.06280193236714976
60,0.06280193236714976
61,0.06280193236714976
62,0.06280193236714976
63,0.06280193236714976
64,0.06280193236714976
65,0.06280193236714976
66,0.06280193236714976
67,0.06280193236714976
68,0.06763285024154589
69,0.07246376811594203
70,0.07246376811594203
71,0.07246376811594203
72,0.07246376811594203
73,0.07246376811594203
74,0.07246376811594203
75,0.07246376811594203
76,0.07246376811594203
77,0.07246376811594203
78,0.07246376811594203
79,0.07246376811594203
80,0.07246376811594203
81,0.07246376811594203
82,0.07246376811594203
83,0.07246376811594203
84,0.07246376811594203
85,0.07246376811594203
86,0.07246376811594203
87,0.07246376811594203
88,0.07246376811594203
89,0.07246376811594203
90,0.07246376811594203
91,0.07246376811594203
92,0.07246376811594203
93,0.07246376811594203
94,0.07246376811594203
95,0.07246376811594203
96,0.0966183574879227
97,0.0966183574879227
98,0.0966183574879227
99,0.0966183574879227
100,0.0966183574879227
