0,0.0
1,0.0
2,0.0
3,0.0
4,0.0
5,0.0
6,0.0
7,0.0
8,0.0
9,0.0
10,0.0
11,0.0
12,0.0
13,0.0
14,0.0
15,0.0
16,0.0
17,0.0
18,0.0
19,0.0
20,0.0
21,0.0
22,0.0
23,0.0
24,0.0
25,0.0
26,0.014492753623188406
27,0.014492753623188406
28,0.014492753623188406
29,0.028985507246376812
30,0.03864734299516908
31,0.03864734299516908
32,0.043478260869565216
33,0.043478260869565216
34,0.043478260869565216
35,0.043478260869565216
36,0.057971014492753624
37,0.057971014492753624
38,0.057971014492753624
39,0.057971014492753624
40,0.057971014492753624
41,0.057971014492753624
42,0.057971014492753624
43,0.09178743961352658
44,0.09178743961352658
45,0.09178743961352658
46,0.09178743961352658
47,0.12077294685990338
48,0.13043478260869565
49,0.15942028985507245
50,0.15942028985507245
51,0.15942028985507245
52,0.1642512077294686
53,0.16908212560386474
54,0.21739130434782608
55,0.21739130434782608
56,0.25120772946859904
57,0.25120772946859904
58,0.25120772946859904
59,0.25120772946859904
60,0.25120772946859904
61,0.25120772946859904
62,0.25120772946859904
63,0.2995169082125604
64,0.2995169082125604
65,0.2995169082125604
66,0.2995169082125604
67,0.2995169082125604
68,0.2995169082125604
69,0.2995169082125604
70,0.2995169082125604
71,0.2995169082125604
72,0.2995169082125604
73,0.2995169082125604
74,0.2995169082125604
75,0.30434782608695654
76,0.30434782608695654
77,0.30434782608695654
78,0.30434782608695654
79,0.30434782608695654
80,0.30434782608695654
81,0.30434782608695654
82,0.30434782608695654
83,0.30434782608695654
84,0.30434782608695654
85,0.30434782608695654
