0,0.0
1,0.0
2,0.0
3,0.0
4,0.00966183574879227
5,0.028985507246376812
6,0.028985507246376812
7,0.033816425120772944
8,0.0821256038647343
9,0.10628019323671498
10,0.13526570048309178
11,0.15458937198067632
12,0.17391304347826086
13,0.17391304347826086
14,0.17391304347826086
15,0.17391304347826086
16,0.17391304347826086
17,0.17391304347826086
18,0.17391304347826086
19,0.17391304347826086
20,0.178743961352657
21,0.178743961352657
22,0.178743961352657
23,0.178743961352657
24,0.178743961352657
25,0.178743961352657
26,0.18840579710144928
27,0.18840579710144928
28,0.18840579710144928
29,0.18840579710144928
30,0.18840579710144928
31,0.18840579710144928
32,0.18840579710144928
33,0.18840579710144928
34,0.18840579710144928
35,0.18840579710144928
36,0.18840579710144928
37,0.18840579710144928
38,0.18840579710144928
39,0.18840579710144928
40,0.18840579710144928
41,0.18840579710144928
42,0.18840579710144928
43,0.18840579710144928
44,0.2028985507246377
45,0.2028985507246377
46,0.2028985507246377
47,0.2028985507246377
48,0.2028985507246377
49,0.2028985507246377
50,0.2028985507246377
51,0.2028985507246377
52,0.2028985507246377
53,0.2028985507246377
