0,0.0
1,0.0
2,0.0
3,0.0
4,0.0
5,0.028985507246376812
6,0.028985507246376812
7,0.028985507246376812
8,0.028985507246376812
9,0.028985507246376812
10,0.028985507246376812
11,0.028985507246376812
12,0.028985507246376812
13,0.028985507246376812
14,0.028985507246376812
15,0.028985507246376812
16,0.028985507246376812
17,0.028985507246376812
18,0.028985507246376812
19,0.028985507246376812
20,0.028985507246376812
21,0.028985507246376812
22,0.028985507246376812
23,0.028985507246376812
24,0.028985507246376812
25,0.028985507246376812
26,0.028985507246376812
27,0.028985507246376812
28,0.028985507246376812
29,0.028985507246376812
30,0.028985507246376812
31,0.028985507246376812
32,0.028985507246376812
33,0.028985507246376812
34,0.028985507246376812
35,0.028985507246376812
36,0.028985507246376812
37,0.028985507246376812
38,0.028985507246376812
39,0.028985507246376812
40,0.028985507246376812
41,0.028985507246376812
42,0.028985507246376812
43,0.028985507246376812
44,0.028985507246376812
45,0.028985507246376812
46,0.028985507246376812
47,0.028985507246376812
48,0.028985507246376812
49,0.028985507246376812
50,0.028985507246376812
51,0.028985507246376812
52,0.028985507246376812
53,0.028985507246376812
54,0.043478260869565216
55,0.043478260869565216
56,0.12077294685990338
57,0.12560386473429952
58,0.14009661835748793
59,0.14009661835748793
60,0.1497584541062802
61,0.21256038647342995
62,0.21256038647342995
63,0.21256038647342995
64,0.21256038647342995
65,0.21256038647342995
66,0.21256038647342995
67,0.21256038647342995
68,0.21256038647342995
69,0.21256038647342995
70,0.2318840579710145
71,0.2318840579710145
72,0.2318840579710145
73,0.2318840579710145
74,0.2318840579710145
75,0.2318840579710145
76,0.2318840579710145
77,0.2463768115942029
78,0.25120772946859904
79,0.26570048309178745
80,0.26570048309178745
81,0.26570048309178745
82,0.27053140096618356
83,0.27053140096618356
84,0.27053140096618356
85,0.27053140096618356
86,0.27053140096618356
87,0.27053140096618356
88,0.27053140096618356
89,0.27053140096618356
90,0.27053140096618356
91,0.27053140096618356
92,0.27053140096618356
93,0.27053140096618356
94,0.27053140096618356
95,0.30917874396135264
96,0.30917874396135264
97,0.30917874396135264
98,0.30917874396135264
99,0.30917874396135264
100,0.30917874396135264
