0,0.0
1,0.0
2,0.01932367149758454
3,0.01932367149758454
4,0.01932367149758454
5,0.01932367149758454
6,0.01932367149758454
7,0.01932367149758454
8,0.01932367149758454
9,0.01932367149758454
10,0.01932367149758454
11,0.01932367149758454
12,0.01932367149758454
13,0.01932367149758454
14,0.01932367149758454
15,0.01932367149758454
16,0.01932367149758454
17,0.01932367149758454
18,0.01932367149758454
19,0.033816425120772944
20,0.06280193236714976
21,0.07729468599033816
22,0.17391304347826086
23,0.21256038647342995
24,0.21739130434782608
25,0.21739130434782608
26,0.21739130434782608
27,0.24154589371980675
28,0.24154589371980675
29,0.24154589371980675
30,0.24154589371980675
31,0.24154589371980675
32,0.24154589371980675
33,0.24154589371980675
34,0.24154589371980675
35,0.24154589371980675
36,0.24154589371980675
37,0.24154589371980675
38,0.24154589371980675
39,0.24154589371980675
40,0.24154589371980675
41,0.26570048309178745
42,0.26570048309178745
43,0.26570048309178745
44,0.26570048309178745
45,0.26570048309178745
46,0.26570048309178745
47,0.26570048309178745
48,0.26570048309178745
49,0.26570048309178745
50,0.26570048309178745
51,0.26570048309178745
52,0.27053140096618356
53,0.27053140096618356
54,0.27053140096618356
55,0.27053140096618356
56,0.2753623188405797
57,0.2898550724637681
58,0.2898550724637681
59,0.2898550724637681
60,0.2898550724637681
61,0.2995169082125604
62,0.2995169082125604
63,0.2995169082125604
64,0.2995169082125604
65,0.2995169082125604
66,0.2995169082125604
67,0.2995169082125604
68,0.2995169082125604
69,0.2995169082125604
70,0.2995169082125604
71,0.2995169082125604
72,0.2995169082125604
73,0.2995169082125604
74,0.2995169082125604
75,0.2995169082125604
