0,0.01932367149758454
1,0.01932367149758454
2,0.024154589371980676
3,0.024154589371980676
4,0.06280193236714976
5,0.06280193236714976
6,0.06280193236714976
7,0.08695652173913043
8,0.08695652173913043
9,0.10628019323671498
10,0.16908212560386474
11,0.18357487922705315
12,0.18357487922705315
13,0.18357487922705315
14,0.18357487922705315
15,0.18840579710144928
16,0.18840579710144928
17,0.18840579710144928
18,0.18840579710144928
19,0.18840579710144928
20,0.18840579710144928
21,0.18840579710144928
22,0.18840579710144928
23,0.18840579710144928
24,0.3285024154589372
25,0.3285024154589372
26,0.3285024154589372
27,0.3285024154589372
28,0.3285024154589372
29,0.3285024154589372
30,0.3285024154589372
31,0.3285024154589372
32,0.37681159420289856
33,0.37681159420289856
34,0.37681159420289856
35,0.37681159420289856
36,0.37681159420289856
37,0.37681159420289856
38,0.37681159420289856
39,0.37681159420289856
40,0.37681159420289856
41,0.37681159420289856
42,0.37681159420289856
43,0.37681159420289856
44,0.37681159420289856
45,0.37681159420289856
46,0.37681159420289856
47,0.37681159420289856
48,0.37681159420289856
49,0.37681159420289856
50,0.37681159420289856
51,0.37681159420289856
52,0.37681159420289856
53,0.37681159420289856
54,0.37681159420289856
55,0.37681159420289856
56,0.37681159420289856
57,0.37681159420289856
58,0.37681159420289856
59,0.4396135265700483
60,0.4396135265700483
61,0.4396135265700483
62,0.4396135265700483
63,0.45410628019323673
64,0.45410628019323673
65,0.45410628019323673
66,0.45410628019323673
67,0.45410628019323673
68,0.45410628019323673
69,0.45410628019323673
70,0.45410628019323673
71,0.45410628019323673
72,0.45410628019323673
73,0.45410628019323673
74,0.45410628019323673
75,0.45410628019323673
76,0.45410628019323673
77,0.45410628019323673
78,0.45410628019323673
79,0.45410628019323673
80,0.45410628019323673
81,0.45410628019323673
82,0.45410628019323673
83,0.45410628019323673
84,0.45410628019323673
85,0.45410628019323673
86,0.45410628019323673
87,0.45410628019323673
88,0.45410628019323673
89,0.45410628019323673
90,0.45410628019323673
91,0.45410628019323673
92,0.45410628019323673
93,0.45410628019323673
94,0.45410628019323673
95,0.45410628019323673
96,0.45410628019323673
97,0.45410628019323673
98,0.45410628019323673
99,0.45410628019323673
100,0.45410628019323673
