0,0.0
1,0.0
2,0.0
3,0.0
4,0.0
5,0.0
6,0.0
7,0.0
8,0.0
9,0.0
10,0.0
11,0.0
12,0.028985507246376812
13,0.028985507246376812
14,0.033816425120772944
15,0.0821256038647343
16,0.12560386473429952
17,0.15942028985507245
18,0.2028985507246377
19,0.30917874396135264
20,0.391304347826087
21,0.4057971014492754
22,0.4251207729468599
23,0.4251207729468599
24,0.4251207729468599
25,0.4251207729468599
26,0.4396135265700483
27,0.4396135265700483
28,0.4396135265700483
29,0.4492753623188406
30,0.4492753623188406
31,0.45410628019323673
32,0.45410628019323673
33,0.45410628019323673
34,0.45893719806763283
35,0.45893719806763283
36,0.45893719806763283
37,0.5169082125603864
38,0.5169082125603864
39,0.5169082125603864
40,0.5410628019323671
41,0.5410628019323671
42,0.5410628019323671
43,0.5410628019323671
44,0.5410628019323671
45,0.5410628019323671
46,0.5410628019323671
47,0.5410628019323671
48,0.5410628019323671
49,0.5410628019323671
50,0.5410628019323671
51,0.5410628019323671
52,0.5410628019323671
53,0.5410628019323671
54,0.5410628019323671
55,0.5410628019323671
56,0.5410628019323671
57,0.5410628019323671
58,0.5410628019323671
59,0.5410628019323671
60,0.5410628019323671
61,0.5410628019323671
62,0.5410628019323671
63,0.5410628019323671
64,0.5410628019323671
65,0.5410628019323671
66,0.5410628019323671
67,0.5410628019323671
68,0.5410628019323671
69,0.5410628019323671
70,0.5410628019323671
71,0.5410628019323671
72,0.5410628019323671
73,0.5410628019323671
74,0.5410628019323671
75,0.5410628019323671
76,0.5410628019323671
77,0.5410628019323671
78,0.5410628019323671
79,0.5410628019323671
80,0.5410628019323671
81,0.5410628019323671
82,0.5410628019323671
83,0.5410628019323671
84,0.5410628019323671
85,0.5410628019323671
86,0.5410628019323671
87,0.5410628019323671
88,0.5410628019323671
89,0.5410628019323671
90,0.5410628019323671
91,0.5410628019323671
92,0.5410628019323671
93,0.5410628019323671
94,0.5410628019323671
95,0.5410628019323671
96,0.5410628019323671
97,0.5410628019323671
98,0.5410628019323671
99,0.5410628019323671
100,0.5410628019323671
