0,0.0
1,0.0
2,0.0
3,0.0
4,0.0
5,0.0
6,0.0
7,0.0
8,0.0
9,0.0
10,0.0
11,0.0
12,0.0
13,0.0
14,0.0
15,0.0
16,0.028985507246376812
17,0.028985507246376812
18,0.028985507246376812
19,0.028985507246376812
20,0.028985507246376812
21,0.028985507246376812
22,0.028985507246376812
23,0.028985507246376812
24,0.028985507246376812
25,0.028985507246376812
26,0.03864734299516908
27,0.03864734299516908
28,0.03864734299516908
29,0.04830917874396135
30,0.04830917874396135
31,0.04830917874396135
32,0.05314009661835749
33,0.05314009661835749
34,0.07729468599033816
35,0.09178743961352658
36,0.18840579710144928
37,0.20772946859903382
38,0.20772946859903382
39,0.20772946859903382
40,0.20772946859903382
41,0.2608695652173913
42,0.28019323671497587
43,0.28019323671497587
44,0.28502415458937197
45,0.28502415458937197
46,0.2946859903381642
47,0.2946859903381642
48,0.2995169082125604
49,0.2995169082125604
50,0.2995169082125604
51,0.2995169082125604
52,0.2995169082125604
53,0.2995169082125604
54,0.2995169082125604
55,0.2995169082125604
56,0.2995169082125604
57,0.2995169082125604
58,0.2995169082125604
59,0.30434782608695654
60,0.36231884057971014
61,0.36231884057971014
62,0.41545893719806765
63,0.41545893719806765
64,0.41545893719806765
65,0.41545893719806765
66,0.41545893719806765
67,0.41545893719806765
68,0.41545893719806765
69,0.41545893719806765
70,0.41545893719806765
71,0.41545893719806765
72,0.42028985507246375
73,0.42028985507246375
74,0.42028985507246375
75,0.42028985507246375
76,0.42028985507246375
77,0.42028985507246375
78,0.42028985507246375
79,0.42028985507246375
80,0.42028985507246375
81,0.42028985507246375
82,0.42028985507246375
83,0.42028985507246375
84,0.42028985507246375
85,0.42028985507246375
86,0.42028985507246375
87,0.42028985507246375
88,0.42028985507246375
89,0.42028985507246375
90,0.42028985507246375
91,0.42028985507246375
92,0.42028985507246375
93,0.42028985507246375
94,0.42028985507246375
95,0.42028985507246375
96,0.42028985507246375
97,0.42028985507246375
98,0.42028985507246375
99,0.42028985507246375
100,0.42028985507246375
