0,0.01932367149758454
1,0.01932367149758454
2,0.01932367149758454
3,0.028985507246376812
4,0.07729468599033816
5,0.12077294685990338
6,0.17391304347826086
7,0.1932367149758454
8,0.1932367149758454
9,0.1932367149758454
10,0.1932367149758454
11,0.2028985507246377
12,0.21256038647342995
13,0.28502415458937197
14,0.28502415458937197
15,0.28502415458937197
16,0.28502415458937197
17,0.28502415458937197
18,0.28502415458937197
19,0.28502415458937197
20,0.28502415458937197
21,0.2898550724637681
22,0.2898550724637681
23,0.2898550724637681
24,0.2995169082125604
25,0.2995169082125604
26,0.2995169082125604
27,0.2995169082125604
28,0.2995169082125604
29,0.3188405797101449
30,0.3188405797101449
31,0.3188405797101449
32,0.3188405797101449
33,0.3188405797101449
34,0.3188405797101449
35,0.3333333333333333
36,0.3333333333333333
37,0.3333333333333333
38,0.33816425120772947
39,0.33816425120772947
40,0.33816425120772947
41,0.33816425120772947
42,0.33816425120772947
43,0.33816425120772947
44,0.33816425120772947
45,0.33816425120772947
46,0.3526570048309179
47,0.3526570048309179
48,0.3526570048309179
49,0.3526570048309179
50,0.3526570048309179
51,0.3526570048309179
52,0.3526570048309179
53,0.3526570048309179
54,0.3526570048309179
55,0.3526570048309179
56,0.3526570048309179
57,0.357487922705314
58,0.357487922705314
59,0.357487922705314
60,0.357487922705314
61,0.357487922705314
62,0.37681159420289856
63,0.37681159420289856
64,0.37681159420289856
65,0.37681159420289856
66,0.37681159420289856
67,0.37681159420289856
68,0.37681159420289856
69,0.37681159420289856
70,0.37681159420289856
71,0.37681159420289856
72,0.37681159420289856
73,0.37681159420289856
