0,0.024154589371980676
1,0.024154589371980676
2,0.028985507246376812
3,0.028985507246376812
4,0.028985507246376812
5,0.028985507246376812
6,0.028985507246376812
7,0.028985507246376812
8,0.028985507246376812
9,0.028985507246376812
10,0.028985507246376812
11,0.04830917874396135
12,0.05314009661835749
13,0.0821256038647343
14,0.0821256038647343
15,0.10628019323671498
16,0.10628019323671498
17,0.11594202898550725
18,0.11594202898550725
19,0.11594202898550725
20,0.11594202898550725
21,0.14009661835748793
22,0.14009661835748793
23,0.14009661835748793
24,0.15458937198067632
25,0.15458937198067632
26,0.15458937198067632
27,0.15458937198067632
28,0.15458937198067632
29,0.15458937198067632
30,0.15458937198067632
31,0.15458937198067632
32,0.15942028985507245
33,0.1642512077294686
34,0.1642512077294686
35,0.1642512077294686
36,0.1642512077294686
37,0.1642512077294686
38,0.1642512077294686
39,0.1642512077294686
40,0.1642512077294686
41,0.1642512077294686
42,0.1642512077294686
43,0.178743961352657
44,0.178743961352657
45,0.178743961352657
46,0.178743961352657
47,0.178743961352657
48,0.178743961352657
49,0.178743961352657
50,0.178743961352657
51,0.178743961352657
52,0.178743961352657
53,0.178743961352657
54,0.178743961352657
55,0.178743961352657
56,0.20772946859903382
57,0.20772946859903382
58,0.20772946859903382
59,0.20772946859903382
60,0.21256038647342995
