0,0.0
1,0.014492753623188406
2,0.014492753623188406
3,0.014492753623188406
4,0.01932367149758454
5,0.01932367149758454
6,0.028985507246376812
7,0.028985507246376812
8,0.028985507246376812
9,0.028985507246376812
10,0.028985507246376812
11,0.028985507246376812
12,0.028985507246376812
13,0.028985507246376812
14,0.028985507246376812
15,0.033816425120772944
16,0.033816425120772944
17,0.0821256038647343
18,0.0821256038647343
19,0.0821256038647343
20,0.0821256038647343
21,0.0821256038647343
22,0.0821256038647343
23,0.09178743961352658
24,0.09178743961352658
25,0.09178743961352658
26,0.09178743961352658
27,0.09178743961352658
28,0.09178743961352658
29,0.09178743961352658
30,0.09178743961352658
31,0.09178743961352658
32,0.09178743961352658
33,0.09178743961352658
34,0.09178743961352658
35,0.178743961352657
36,0.178743961352657
37,0.178743961352657
