0,0.01932367149758454
1,0.033816425120772944
2,0.04830917874396135
3,0.10628019323671498
4,0.14009661835748793
5,0.178743961352657
6,0.18840579710144928
7,0.21256038647342995
8,0.21739130434782608
9,0.21739130434782608
10,0.2318840579710145
11,0.2318840579710145
12,0.23671497584541062
13,0.24154589371980675
14,0.24154589371980675
15,0.2463768115942029
16,0.25120772946859904
17,0.25120772946859904
18,0.25120772946859904
19,0.25120772946859904
20,0.26570048309178745
21,0.26570048309178745
22,0.26570048309178745
23,0.26570048309178745
24,0.26570048309178745
25,0.26570048309178745
26,0.26570048309178745
27,0.26570048309178745
28,0.26570048309178745
29,0.26570048309178745
30,0.34299516908212563
31,0.34299516908212563
32,0.34299516908212563
