0,0.0
1,0.0
2,0.0
3,0.0
4,0.0
5,0.0
6,0.0
7,0.0
8,0.0
9,0.0
10,0.0
11,0.0
12,0.0
13,0.00966183574879227
14,0.00966183574879227
15,0.00966183574879227
16,0.00966183574879227
17,0.00966183574879227
18,0.00966183574879227
19,0.00966183574879227
20,0.00966183574879227
21,0.00966183574879227
22,0.00966183574879227
23,0.014492753623188406
24,0.014492753623188406
25,0.014492753623188406
26,0.014492753623188406
27,0.014492753623188406
28,0.014492753623188406
29,0.014492753623188406
30,0.01932367149758454
31,0.01932367149758454
32,0.01932367149758454
33,0.024154589371980676
34,0.024154589371980676
35,0.024154589371980676
36,0.024154589371980676
37,0.05314009661835749
38,0.05314009661835749
39,0.05314009661835749
40,0.06763285024154589
41,0.07729468599033816
42,0.07729468599033816
43,0.07729468599033816
44,0.11594202898550725
45,0.11594202898550725
46,0.11594202898550725
47,0.11594202898550725
48,0.11594202898550725
49,0.11594202898550725
50,0.11594202898550725
51,0.11594202898550725
52,0.11594202898550725
53,0.11594202898550725
54,0.11594202898550725
55,0.11594202898550725
56,0.11594202898550725
57,0.11594202898550725
58,0.11594202898550725
59,0.11594202898550725
60,0.11594202898550725
61,0.11594202898550725
62,0.11594202898550725
63,0.11594202898550725
64,0.11594202898550725
65,0.11594202898550725
66,0.11594202898550725
67,0.11594202898550725
68,0.11594202898550725
69,0.11594202898550725
70,0.11594202898550725
71,0.11594202898550725
72,0.11594202898550725
