0,0.00966183574879227
1,0.01932367149758454
2,0.057971014492753624
3,0.0821256038647343
4,0.10144927536231885
5,0.11594202898550725
6,0.12077294685990338
7,0.12560386473429952
8,0.14009661835748793
9,0.14009661835748793
10,0.14009661835748793
11,0.14009661835748793
12,0.14009661835748793
13,0.14009661835748793
14,0.14009661835748793
15,0.14009661835748793
16,0.14009661835748793
17,0.14009661835748793
18,0.18357487922705315
19,0.18357487922705315
20,0.18357487922705315
21,0.18357487922705315
22,0.18357487922705315
23,0.18357487922705315
24,0.18357487922705315
25,0.18357487922705315
26,0.18357487922705315
27,0.18840579710144928
28,0.18840579710144928
29,0.18840579710144928
30,0.18840579710144928
31,0.18840579710144928
32,0.18840579710144928
33,0.18840579710144928
34,0.18840579710144928
35,0.18840579710144928
36,0.2028985507246377
37,0.2028985507246377
38,0.2028985507246377
39,0.2028985507246377
40,0.2028985507246377
41,0.2028985507246377
42,0.2028985507246377
43,0.2028985507246377
44,0.20772946859903382
45,0.20772946859903382
46,0.20772946859903382
47,0.21256038647342995
48,0.21256038647342995
49,0.21256038647342995
50,0.21256038647342995
51,0.21256038647342995
52,0.21256038647342995
53,0.21256038647342995
54,0.21256038647342995
55,0.21256038647342995
56,0.21256038647342995
57,0.21256038647342995
58,0.21256038647342995
59,0.2560386473429952
60,0.2560386473429952
61,0.2560386473429952
62,0.2560386473429952
63,0.2560386473429952
64,0.2560386473429952
65,0.2560386473429952
66,0.2560386473429952
67,0.2560386473429952
68,0.2560386473429952
