0,0.028985507246376812
1,0.028985507246376812
2,0.043478260869565216
3,0.05314009661835749
4,0.09178743961352658
5,0.13526570048309178
6,0.1642512077294686
7,0.1932367149758454
8,0.1932367149758454
9,0.1932367149758454
10,0.27053140096618356
11,0.27053140096618356
12,0.27053140096618356
13,0.27053140096618356
14,0.27053140096618356
15,0.27053140096618356
16,0.27053140096618356
17,0.2753623188405797
18,0.28019323671497587
19,0.28019323671497587
20,0.28019323671497587
21,0.2946859903381642
22,0.30917874396135264
23,0.30917874396135264
24,0.30917874396135264
25,0.30917874396135264
26,0.30917874396135264
27,0.30917874396135264
28,0.3333333333333333
29,0.3333333333333333
30,0.3333333333333333
31,0.3333333333333333
32,0.3333333333333333
33,0.3333333333333333
34,0.3333333333333333
35,0.3333333333333333
36,0.3333333333333333
37,0.3333333333333333
38,0.3333333333333333
39,0.3333333333333333
40,0.3333333333333333
41,0.3333333333333333
42,0.33816425120772947
43,0.33816425120772947
44,0.33816425120772947
45,0.33816425120772947
46,0.33816425120772947
47,0.33816425120772947
48,0.33816425120772947
