0,0.004830917874396135
1,0.004830917874396135
2,0.004830917874396135
3,0.004830917874396135
4,0.004830917874396135
5,0.004830917874396135
6,0.004830917874396135
7,0.004830917874396135
8,0.004830917874396135
9,0.004830917874396135
10,0.004830917874396135
11,0.004830917874396135
12,0.004830917874396135
13,0.004830917874396135
14,0.004830917874396135
15,0.004830917874396135
16,0.004830917874396135
17,0.004830917874396135
18,0.004830917874396135
19,0.004830917874396135
20,0.004830917874396135
21,0.004830917874396135
22,0.00966183574879227
23,0.00966183574879227
24,0.00966183574879227
25,0.00966183574879227
26,0.00966183574879227
27,0.00966183574879227
28,0.00966183574879227
29,0.00966183574879227
30,0.00966183574879227
31,0.00966183574879227
32,0.00966183574879227
33,0.00966183574879227
34,0.00966183574879227
35,0.00966183574879227
36,0.00966183574879227
37,0.00966183574879227
38,0.00966183574879227
39,0.00966183574879227
40,0.00966183574879227
41,0.014492753623188406
42,0.014492753623188406
43,0.014492753623188406
44,0.014492753623188406
45,0.01932367149758454
46,0.01932367149758454
47,0.01932367149758454
48,0.024154589371980676
49,0.024154589371980676
50,0.024154589371980676
51,0.024154589371980676
52,0.024154589371980676
53,0.04830917874396135
54,0.057971014492753624
55,0.057971014492753624
56,0.057971014492753624
57,0.06280193236714976
58,0.06763285024154589
59,0.06763285024154589
60,0.06763285024154589
61,0.06763285024154589
62,0.06763285024154589
63,0.06763285024154589
64,0.06763285024154589
65,0.06763285024154589
66,0.06763285024154589
67,0.06763285024154589
68,0.06763285024154589
69,0.06763285024154589
70,0.06763285024154589
71,0.06763285024154589
72,0.06763285024154589
73,0.07246376811594203
74,0.07246376811594203
75,0.07246376811594203
76,0.07246376811594203
77,0.07246376811594203
78,0.07246376811594203
79,0.07246376811594203
80,0.07246376811594203
81,0.0966183574879227
82,0.10628019323671498
83,0.10628019323671498
84,0.12077294685990338
85,0.12077294685990338
86,0.12077294685990338
87,0.12077294685990338
88,0.13043478260869565
89,0.16908212560386474
