0,0.014492753623188406
1,0.024154589371980676
2,0.033816425120772944
3,0.033816425120772944
4,0.07246376811594203
5,0.08695652173913043
6,0.08695652173913043
7,0.10144927536231885
8,0.10144927536231885
9,0.12077294685990338
10,0.12077294685990338
11,0.13526570048309178
12,0.13526570048309178
13,0.13526570048309178
14,0.19806763285024154
15,0.21739130434782608
16,0.21739130434782608
17,0.2318840579710145
18,0.2463768115942029
19,0.25120772946859904
20,0.25120772946859904
21,0.2946859903381642
22,0.2946859903381642
23,0.2946859903381642
24,0.2946859903381642
25,0.2946859903381642
26,0.2946859903381642
27,0.2946859903381642
28,0.2946859903381642
29,0.2946859903381642
30,0.30434782608695654
31,0.30434782608695654
32,0.30434782608695654
33,0.30434782608695654
34,0.30434782608695654
35,0.30434782608695654
36,0.30434782608695654
37,0.30434782608695654
