0,0.0
1,0.0
2,0.0
3,0.01932367149758454
4,0.01932367149758454
5,0.01932367149758454
6,0.01932367149758454
7,0.028985507246376812
8,0.028985507246376812
9,0.028985507246376812
10,0.028985507246376812
11,0.028985507246376812
12,0.028985507246376812
13,0.028985507246376812
14,0.033816425120772944
15,0.033816425120772944
16,0.033816425120772944
17,0.033816425120772944
18,0.033816425120772944
19,0.033816425120772944
20,0.033816425120772944
21,0.03864734299516908
22,0.03864734299516908
23,0.07729468599033816
24,0.07729468599033816
25,0.07729468599033816
26,0.07729468599033816
27,0.07729468599033816
28,0.07729468599033816
29,0.07729468599033816
30,0.07729468599033816
31,0.07729468599033816
32,0.07729468599033816
33,0.08695652173913043
34,0.08695652173913043
35,0.08695652173913043
36,0.08695652173913043
37,0.08695652173913043
38,0.08695652173913043
39,0.10144927536231885
40,0.10144927536231885
41,0.10144927536231885
42,0.10144927536231885
43,0.10144927536231885
44,0.10144927536231885
45,0.10144927536231885
46,0.10144927536231885
47,0.10144927536231885
48,0.10144927536231885
49,0.10144927536231885
50,0.10144927536231885
51,0.10144927536231885
52,0.10144927536231885
53,0.10144927536231885
54,0.12077294685990338
55,0.12077294685990338
56,0.12077294685990338
57,0.12077294685990338
58,0.12077294685990338
59,0.12077294685990338
60,0.12077294685990338
61,0.12077294685990338
62,0.12077294685990338
63,0.12077294685990338
64,0.12077294685990338
65,0.1642512077294686
66,0.16908212560386474
67,0.19806763285024154
68,0.19806763285024154
69,0.22705314009661837
70,0.22705314009661837
71,0.22705314009661837
72,0.22705314009661837
73,0.22705314009661837
74,0.22705314009661837
75,0.22705314009661837
76,0.23671497584541062
77,0.23671497584541062
78,0.23671497584541062
79,0.23671497584541062
80,0.2560386473429952
81,0.28502415458937197
82,0.28502415458937197
83,0.28502415458937197
84,0.28502415458937197
85,0.2946859903381642
86,0.2946859903381642
87,0.2946859903381642
88,0.2946859903381642
89,0.2946859903381642
90,0.2946859903381642
91,0.2946859903381642
92,0.3961352657004831
93,0.3961352657004831
94,0.3961352657004831
95,0.3961352657004831
96,0.3961352657004831
97,0.3961352657004831
98,0.3961352657004831
99,0.3961352657004831
100,0.3961352657004831
