0,0.0
1,0.0
2,0.0
3,0.0
4,0.0
5,0.0
6,0.0
7,0.0
8,0.0
9,0.0
10,0.0
11,0.0
12,0.0
13,0.0
14,0.0
15,0.014492753623188406
16,0.014492753623188406
17,0.014492753623188406
18,0.014492753623188406
19,0.014492753623188406
20,0.014492753623188406
21,0.014492753623188406
22,0.014492753623188406
23,0.014492753623188406
24,0.014492753623188406
25,0.014492753623188406
26,0.014492753623188406
27,0.014492753623188406
28,0.014492753623188406
29,0.014492753623188406
30,0.014492753623188406
31,0.014492753623188406
32,0.014492753623188406
33,0.014492753623188406
34,0.014492753623188406
35,0.014492753623188406
36,0.014492753623188406
37,0.014492753623188406
38,0.014492753623188406
39,0.014492753623188406
40,0.014492753623188406
41,0.014492753623188406
42,0.014492753623188406
43,0.014492753623188406
44,0.014492753623188406
45,0.014492753623188406
46,0.014492753623188406
47,0.014492753623188406
48,0.014492753623188406
49,0.014492753623188406
50,0.014492753623188406
51,0.014492753623188406
52,0.014492753623188406
53,0.014492753623188406
54,0.014492753623188406
55,0.014492753623188406
56,0.014492753623188406
57,0.04830917874396135
58,0.04830917874396135
59,0.04830917874396135
60,0.04830917874396135
61,0.04830917874396135
62,0.08695652173913043
63,0.08695652173913043
64,0.08695652173913043
65,0.08695652173913043
66,0.08695652173913043
67,0.08695652173913043
68,0.08695652173913043
69,0.08695652173913043
70,0.08695652173913043
71,0.08695652173913043
72,0.08695652173913043
73,0.08695652173913043
74,0.08695652173913043
75,0.08695652173913043
76,0.08695652173913043
77,0.08695652173913043
78,0.08695652173913043
79,0.08695652173913043
80,0.08695652173913043
81,0.08695652173913043
82,0.08695652173913043
83,0.08695652173913043
84,0.08695652173913043
85,0.08695652173913043
86,0.08695652173913043
87,0.08695652173913043
88,0.08695652173913043
89,0.08695652173913043
90,0.08695652173913043
91,0.08695652173913043
92,0.08695652173913043
93,0.08695652173913043
94,0.08695652173913043
95,0.08695652173913043
96,0.10628019323671498
97,0.10628019323671498
98,0.10628019323671498
99,0.10628019323671498
100,0.10628019323671498
