0,0.028985507246376812
1,0.028985507246376812
2,0.028985507246376812
3,0.043478260869565216
4,0.07246376811594203
5,0.15942028985507245
6,0.23671497584541062
7,0.3333333333333333
8,0.3333333333333333
9,0.36231884057971014
10,0.391304347826087
11,0.391304347826087
12,0.391304347826087
13,0.391304347826087
14,0.391304347826087
15,0.391304347826087
16,0.391304347826087
17,0.391304347826087
18,0.391304347826087
19,0.391304347826087
20,0.391304347826087
21,0.3961352657004831
22,0.3961352657004831
23,0.3961352657004831
24,0.3961352657004831
25,0.3961352657004831
26,0.3961352657004831
27,0.3961352657004831
28,0.3961352657004831
29,0.3961352657004831
30,0.3961352657004831
31,0.3961352657004831
32,0.3961352657004831
33,0.3961352657004831
34,0.3961352657004831
35,0.3961352657004831
36,0.3961352657004831
37,0.3961352657004831
38,0.3961352657004831
39,0.3961352657004831
40,0.3961352657004831
41,0.3961352657004831
42,0.3961352657004831
43,0.3961352657004831
44,0.3961352657004831
45,0.3961352657004831
46,0.3961352657004831
47,0.3961352657004831
48,0.3961352657004831
49,0.3961352657004831
50,0.3961352657004831
51,0.3961352657004831
52,0.3961352657004831
53,0.3961352657004831
54,0.3961352657004831
55,0.3961352657004831
56,0.3961352657004831
57,0.3961352657004831
58,0.3961352657004831
59,0.3961352657004831
60,0.3961352657004831
61,0.3961352657004831
62,0.3961352657004831
63,0.3961352657004831
64,0.3961352657004831
65,0.3961352657004831
66,0.3961352657004831
67,0.3961352657004831
68,0.3961352657004831
69,0.3961352657004831
70,0.3961352657004831
71,0.3961352657004831
72,0.3961352657004831
73,0.3961352657004831
74,0.3961352657004831
75,0.3961352657004831
76,0.3961352657004831
77,0.3961352657004831
78,0.3961352657004831
79,0.3961352657004831
80,0.3961352657004831
81,0.3961352657004831
82,0.3961352657004831
83,0.3961352657004831
84,0.3961352657004831
85,0.3961352657004831
86,0.3961352657004831
87,0.3961352657004831
88,0.3961352657004831
89,0.3961352657004831
90,0.3961352657004831
91,0.3961352657004831
92,0.3961352657004831
93,0.3961352657004831
94,0.3961352657004831
95,0.3961352657004831
96,0.3961352657004831
97,0.3961352657004831
98,0.3961352657004831
99,0.3961352657004831
100,0.3961352657004831
