0,0.014492753623188406
1,0.024154589371980676
2,0.07246376811594203
3,0.07246376811594203
4,0.07246376811594203
5,0.07246376811594203
6,0.07246376811594203
7,0.08695652173913043
8,0.08695652173913043
9,0.10144927536231885
10,0.10628019323671498
11,0.10628019323671498
12,0.13043478260869565
13,0.13043478260869565
14,0.14492753623188406
15,0.14492753623188406
16,0.14492753623188406
17,0.15458937198067632
18,0.15458937198067632
19,0.15458937198067632
20,0.15458937198067632
21,0.15458937198067632
22,0.15942028985507245
