0,0.043478260869565216
1,0.057971014492753624
2,0.06763285024154589
3,0.0821256038647343
4,0.12560386473429952
5,0.12560386473429952
6,0.12560386473429952
7,0.12560386473429952
8,0.12560386473429952
9,0.12560386473429952
10,0.13526570048309178
11,0.13526570048309178
12,0.13526570048309178
13,0.13526570048309178
14,0.13526570048309178
15,0.13526570048309178
16,0.13526570048309178
17,0.14009661835748793
18,0.14009661835748793
19,0.14009661835748793
20,0.14009661835748793
21,0.14009661835748793
22,0.14009661835748793
23,0.14009661835748793
24,0.14009661835748793
25,0.14009661835748793
26,0.14009661835748793
27,0.14009661835748793
28,0.14009661835748793
29,0.14009661835748793
30,0.14492753623188406
31,0.14492753623188406
32,0.14492753623188406
33,0.14492753623188406
34,0.1497584541062802
35,0.15942028985507245
36,0.15942028985507245
37,0.17391304347826086
38,0.18357487922705315
39,0.18840579710144928
40,0.21739130434782608
41,0.21739130434782608
42,0.21739130434782608
43,0.21739130434782608
44,0.21739130434782608
45,0.21739130434782608
46,0.21739130434782608
47,0.21739130434782608
48,0.21739130434782608
49,0.21739130434782608
50,0.21739130434782608
51,0.21739130434782608
52,0.21739130434782608
