0,0.0
1,0.0
2,0.0
3,0.0
4,0.0
5,0.0
6,0.0
7,0.0
8,0.0
9,0.0
10,0.0
11,0.0
12,0.0
13,0.0
14,0.0
15,0.0
16,0.0
17,0.0
18,0.0
19,0.0
20,0.0
21,0.0
22,0.0
23,0.0
24,0.0
25,0.0
26,0.0
27,0.0
28,0.0
29,0.0
30,0.0
31,0.0
32,0.0
33,0.0
34,0.0
35,0.0
36,0.0
37,0.0
38,0.01932367149758454
39,0.01932367149758454
40,0.01932367149758454
41,0.01932367149758454
42,0.01932367149758454
43,0.01932367149758454
44,0.01932367149758454
45,0.01932367149758454
46,0.01932367149758454
47,0.01932367149758454
48,0.01932367149758454
49,0.01932367149758454
50,0.01932367149758454
51,0.01932367149758454
52,0.01932367149758454
53,0.01932367149758454
54,0.01932367149758454
55,0.01932367149758454
56,0.01932367149758454
57,0.01932367149758454
58,0.01932367149758454
59,0.01932367149758454
60,0.01932367149758454
61,0.01932367149758454
62,0.01932367149758454
63,0.01932367149758454
64,0.01932367149758454
65,0.01932367149758454
66,0.01932367149758454
67,0.01932367149758454
68,0.01932367149758454
69,0.01932367149758454
70,0.01932367149758454
71,0.01932367149758454
72,0.028985507246376812
73,0.028985507246376812
74,0.028985507246376812
75,0.13043478260869565
76,0.14009661835748793
77,0.18357487922705315
78,0.18840579710144928
79,0.18840579710144928
80,0.21256038647342995
81,0.21739130434782608
82,0.2222222222222222
83,0.25120772946859904
84,0.25120772946859904
85,0.25120772946859904
86,0.25120772946859904
87,0.25120772946859904
88,0.25120772946859904
89,0.25120772946859904
90,0.25120772946859904
91,0.25120772946859904
92,0.25120772946859904
93,0.25120772946859904
94,0.25120772946859904
95,0.25120772946859904
96,0.26570048309178745
97,0.26570048309178745
98,0.26570048309178745
99,0.26570048309178745
100,0.26570048309178745
