0,0.024154589371980676
1,0.024154589371980676
2,0.024154589371980676
3,0.033816425120772944
4,0.033816425120772944
5,0.033816425120772944
6,0.04830917874396135
7,0.07246376811594203
8,0.07246376811594203
9,0.0966183574879227
10,0.0966183574879227
11,0.10144927536231885
12,0.11594202898550725
13,0.11594202898550725
14,0.11594202898550725
15,0.12077294685990338
16,0.12077294685990338
17,0.13043478260869565
18,0.13043478260869565
19,0.25120772946859904
20,0.25120772946859904
21,0.25120772946859904
22,0.25120772946859904
23,0.25120772946859904
24,0.2560386473429952
25,0.2560386473429952
26,0.2560386473429952
27,0.2560386473429952
28,0.2753623188405797
29,0.2753623188405797
30,0.28019323671497587
31,0.30917874396135264
32,0.30917874396135264
33,0.34782608695652173
34,0.34782608695652173
35,0.34782608695652173
36,0.34782608695652173
37,0.34782608695652173
38,0.3526570048309179
39,0.36231884057971014
40,0.36231884057971014
41,0.391304347826087
42,0.391304347826087
43,0.391304347826087
44,0.391304347826087
45,0.391304347826087
46,0.391304347826087
47,0.391304347826087
48,0.391304347826087
49,0.4057971014492754
50,0.4057971014492754
51,0.4057971014492754
52,0.4057971014492754
53,0.4057971014492754
54,0.4057971014492754
55,0.4057971014492754
56,0.41545893719806765
57,0.41545893719806765
58,0.41545893719806765
59,0.41545893719806765
60,0.41545893719806765
61,0.41545893719806765
62,0.41545893719806765
63,0.41545893719806765
64,0.41545893719806765
65,0.41545893719806765
66,0.41545893719806765
67,0.41545893719806765
68,0.41545893719806765
69,0.41545893719806765
70,0.41545893719806765
71,0.41545893719806765
72,0.41545893719806765
73,0.41545893719806765
74,0.41545893719806765
75,0.41545893719806765
76,0.41545893719806765
77,0.41545893719806765
78,0.41545893719806765
79,0.41545893719806765
80,0.41545893719806765
81,0.41545893719806765
82,0.41545893719806765
83,0.41545893719806765
84,0.41545893719806765
