0,0.01932367149758454
1,0.01932367149758454
2,0.028985507246376812
3,0.028985507246376812
4,0.028985507246376812
5,0.028985507246376812
6,0.028985507246376812
7,0.04830917874396135
8,0.04830917874396135
9,0.07246376811594203
10,0.09178743961352658
11,0.10628019323671498
12,0.10628019323671498
13,0.10628019323671498
14,0.12077294685990338
15,0.13043478260869565
16,0.14009661835748793
17,0.14009661835748793
18,0.14492753623188406
19,0.14492753623188406
20,0.14492753623188406
21,0.14492753623188406
22,0.14492753623188406
23,0.1497584541062802
24,0.1497584541062802
25,0.1642512077294686
26,0.1642512077294686
27,0.1642512077294686
28,0.17391304347826086
29,0.17391304347826086
30,0.18357487922705315
31,0.18357487922705315
32,0.18357487922705315
33,0.18357487922705315
34,0.1932367149758454
35,0.1932367149758454
36,0.1932367149758454
37,0.1932367149758454
38,0.1932367149758454
39,0.1932367149758454
40,0.1932367149758454
41,0.1932367149758454
42,0.1932367149758454
43,0.1932367149758454
44,0.1932367149758454
45,0.1932367149758454
46,0.1932367149758454
47,0.1932367149758454
48,0.1932367149758454
49,0.1932367149758454
