0,0.024154589371980676
1,0.028985507246376812
2,0.03864734299516908
3,0.04830917874396135
4,0.06763285024154589
5,0.07246376811594203
6,0.0821256038647343
7,0.0821256038647343
8,0.08695652173913043
9,0.08695652173913043
10,0.0966183574879227
11,0.0966183574879227
12,0.10144927536231885
13,0.11594202898550725
14,0.11594202898550725
15,0.11594202898550725
16,0.11594202898550725
17,0.11594202898550725
18,0.11594202898550725
19,0.11594202898550725
20,0.12077294685990338
21,0.12077294685990338
22,0.12077294685990338
23,0.12077294685990338
24,0.13043478260869565
25,0.13526570048309178
26,0.14492753623188406
27,0.14492753623188406
28,0.14492753623188406
29,0.14492753623188406
30,0.1497584541062802
31,0.1497584541062802
32,0.1497584541062802
33,0.1497584541062802
34,0.1497584541062802
35,0.1497584541062802
36,0.1497584541062802
37,0.1497584541062802
38,0.15458937198067632
39,0.15942028985507245
40,0.15942028985507245
41,0.1642512077294686
42,0.1642512077294686
43,0.16908212560386474
44,0.16908212560386474
45,0.17391304347826086
46,0.18840579710144928
47,0.18840579710144928
48,0.18840579710144928
49,0.18840579710144928
50,0.18840579710144928
51,0.18840579710144928
52,0.18840579710144928
53,0.18840579710144928
54,0.18840579710144928
55,0.2028985507246377
56,0.2028985507246377
57,0.2028985507246377
58,0.2028985507246377
59,0.2028985507246377
60,0.2028985507246377
