0,0.0
1,0.0
2,0.0
3,0.0
4,0.0
5,0.0
6,0.0
7,0.0
8,0.0
9,0.0
10,0.0
11,0.0
12,0.0
13,0.0
14,0.0
15,0.0
16,0.0
17,0.05314009661835749
18,0.05314009661835749
19,0.07729468599033816
20,0.08695652173913043
21,0.10144927536231885
22,0.1111111111111111
23,0.11594202898550725
24,0.11594202898550725
25,0.12077294685990338
26,0.12077294685990338
27,0.12077294685990338
28,0.12077294685990338
29,0.12077294685990338
30,0.12077294685990338
31,0.12077294685990338
32,0.13043478260869565
33,0.13043478260869565
34,0.13043478260869565
35,0.13043478260869565
36,0.13043478260869565
37,0.13043478260869565
38,0.13043478260869565
39,0.13043478260869565
40,0.13043478260869565
41,0.13043478260869565
42,0.13043478260869565
43,0.15458937198067632
44,0.15458937198067632
45,0.15458937198067632
46,0.15458937198067632
47,0.15458937198067632
48,0.1642512077294686
49,0.1642512077294686
50,0.1642512077294686
51,0.1642512077294686
52,0.1642512077294686
53,0.1642512077294686
54,0.1642512077294686
55,0.1642512077294686
56,0.1642512077294686
57,0.1642512077294686
58,0.1642512077294686
59,0.1642512077294686
60,0.1642512077294686
61,0.1642512077294686
62,0.1642512077294686
63,0.1642512077294686
64,0.1642512077294686
65,0.1642512077294686
66,0.1642512077294686
67,0.1642512077294686
68,0.16908212560386474
69,0.16908212560386474
70,0.16908212560386474
71,0.16908212560386474
72,0.16908212560386474
73,0.16908212560386474
74,0.16908212560386474
75,0.16908212560386474
76,0.16908212560386474
77,0.16908212560386474
78,0.16908212560386474
79,0.16908212560386474
80,0.16908212560386474
81,0.16908212560386474
82,0.16908212560386474
83,0.16908212560386474
84,0.16908212560386474
85,0.16908212560386474
86,0.16908212560386474
87,0.16908212560386474
88,0.16908212560386474
