0,0.01932367149758454
1,0.01932367149758454
2,0.024154589371980676
3,0.028985507246376812
4,0.033816425120772944
5,0.04830917874396135
6,0.057971014492753624
7,0.06763285024154589
8,0.08695652173913043
9,0.09178743961352658
10,0.09178743961352658
11,0.09178743961352658
12,0.10628019323671498
13,0.10628019323671498
14,0.10628019323671498
15,0.10628019323671498
16,0.10628019323671498
17,0.1111111111111111
18,0.11594202898550725
19,0.11594202898550725
20,0.12077294685990338
21,0.13043478260869565
22,0.13043478260869565
23,0.14009661835748793
24,0.14492753623188406
25,0.14492753623188406
26,0.14492753623188406
27,0.14492753623188406
28,0.1497584541062802
29,0.1497584541062802
30,0.1497584541062802
31,0.1497584541062802
32,0.15458937198067632
33,0.15458937198067632
34,0.15458937198067632
35,0.15458937198067632
36,0.15458937198067632
37,0.15458937198067632
38,0.15942028985507245
39,0.15942028985507245
40,0.15942028985507245
41,0.15942028985507245
42,0.15942028985507245
43,0.15942028985507245
44,0.15942028985507245
45,0.15942028985507245
46,0.15942028985507245
47,0.15942028985507245
48,0.15942028985507245
