0,0.11594202898550725
1,0.11594202898550725
2,0.12077294685990338
3,0.15942028985507245
4,0.16908212560386474
5,0.17391304347826086
6,0.17391304347826086
7,0.21739130434782608
8,0.21739130434782608
9,0.21739130434782608
10,0.21739130434782608
11,0.21739130434782608
12,0.2222222222222222
13,0.2222222222222222
14,0.2222222222222222
15,0.2318840579710145
16,0.2318840579710145
17,0.28019323671497587
18,0.28019323671497587
19,0.28019323671497587
20,0.28019323671497587
21,0.28019323671497587
22,0.28019323671497587
23,0.28019323671497587
24,0.28019323671497587
25,0.28019323671497587
26,0.28019323671497587
27,0.28019323671497587
28,0.28019323671497587
29,0.28019323671497587
30,0.28019323671497587
31,0.28019323671497587
32,0.28502415458937197
33,0.28502415458937197
34,0.28502415458937197
35,0.28502415458937197
36,0.28502415458937197
37,0.28502415458937197
38,0.28502415458937197
39,0.28502415458937197
40,0.28502415458937197
41,0.28502415458937197
42,0.28502415458937197
43,0.28502415458937197
44,0.3188405797101449
45,0.3188405797101449
46,0.3188405797101449
47,0.3188405797101449
48,0.3188405797101449
49,0.3188405797101449
50,0.3188405797101449
51,0.3188405797101449
52,0.3188405797101449
53,0.3188405797101449
54,0.3188405797101449
55,0.3188405797101449
56,0.3188405797101449
57,0.3188405797101449
58,0.3188405797101449
59,0.3188405797101449
60,0.3188405797101449
61,0.3188405797101449
62,0.3188405797101449
63,0.3188405797101449
64,0.3188405797101449
65,0.3188405797101449
66,0.3188405797101449
67,0.3188405797101449
68,0.3188405797101449
69,0.3188405797101449
70,0.3188405797101449
71,0.3188405797101449
72,0.3188405797101449
73,0.3188405797101449
74,0.3188405797101449
75,0.3188405797101449
76,0.3188405797101449
77,0.3188405797101449
78,0.3188405797101449
79,0.3188405797101449
80,0.3333333333333333
81,0.34299516908212563
82,0.34299516908212563
83,0.34299516908212563
84,0.34299516908212563
85,0.34299516908212563
86,0.34299516908212563
87,0.34299516908212563
88,0.34299516908212563
89,0.34299516908212563
90,0.34299516908212563
91,0.34299516908212563
92,0.34782608695652173
93,0.34782608695652173
94,0.34782608695652173
95,0.3526570048309179
96,0.3719806763285024
97,0.3719806763285024
98,0.3719806763285024
99,0.3719806763285024
100,0.3719806763285024
