0,0.0
1,0.0
2,0.0
3,0.0
4,0.0
5,0.0
6,0.00966183574879227
7,0.00966183574879227
8,0.00966183574879227
9,0.00966183574879227
10,0.00966183574879227
11,0.00966183574879227
12,0.00966183574879227
13,0.00966183574879227
14,0.00966183574879227
15,0.00966183574879227
16,0.00966183574879227
17,0.00966183574879227
18,0.00966183574879227
19,0.00966183574879227
20,0.00966183574879227
21,0.00966183574879227
22,0.00966183574879227
23,0.00966183574879227
24,0.00966183574879227
25,0.00966183574879227
26,0.033816425120772944
27,0.033816425120772944
28,0.06280193236714976
29,0.0966183574879227
30,0.13526570048309178
31,0.15942028985507245
32,0.15942028985507245
33,0.15942028985507245
34,0.15942028985507245
35,0.19806763285024154
36,0.19806763285024154
37,0.19806763285024154
38,0.19806763285024154
39,0.19806763285024154
40,0.21739130434782608
41,0.21739130434782608
42,0.21739130434782608
43,0.21739130434782608
44,0.21739130434782608
45,0.21739130434782608
46,0.21739130434782608
47,0.21739130434782608
48,0.21739130434782608
49,0.21739130434782608
50,0.21739130434782608
51,0.21739130434782608
52,0.21739130434782608
53,0.21739130434782608
54,0.21739130434782608
55,0.21739130434782608
56,0.21739130434782608
57,0.21739130434782608
58,0.21739130434782608
59,0.21739130434782608
60,0.21739130434782608
61,0.21739130434782608
62,0.21739130434782608
63,0.21739130434782608
64,0.21739130434782608
65,0.21739130434782608
66,0.21739130434782608
67,0.25120772946859904
68,0.25120772946859904
69,0.25120772946859904
70,0.25120772946859904
71,0.25120772946859904
72,0.25120772946859904
73,0.25120772946859904
