0,0.028985507246376812
1,0.043478260869565216
2,0.05314009661835749
3,0.05314009661835749
4,0.05314009661835749
5,0.05314009661835749
6,0.05314009661835749
7,0.05314009661835749
8,0.057971014492753624
9,0.07246376811594203
10,0.07246376811594203
11,0.0966183574879227
12,0.0966183574879227
13,0.0966183574879227
14,0.0966183574879227
15,0.1111111111111111
16,0.1111111111111111
17,0.1111111111111111
18,0.1111111111111111
19,0.1111111111111111
20,0.1111111111111111
21,0.12077294685990338
22,0.13043478260869565
23,0.13043478260869565
24,0.13043478260869565
25,0.14492753623188406
26,0.14492753623188406
27,0.14492753623188406
28,0.15942028985507245
29,0.15942028985507245
30,0.1642512077294686
