0,0.00966183574879227
1,0.00966183574879227
2,0.00966183574879227
3,0.00966183574879227
4,0.00966183574879227
5,0.014492753623188406
6,0.024154589371980676
7,0.024154589371980676
8,0.033816425120772944
9,0.033816425120772944
10,0.05314009661835749
11,0.05314009661835749
12,0.05314009661835749
13,0.05314009661835749
14,0.05314009661835749
15,0.07729468599033816
16,0.07729468599033816
17,0.07729468599033816
18,0.07729468599033816
19,0.07729468599033816
20,0.07729468599033816
21,0.07729468599033816
22,0.07729468599033816
23,0.07729468599033816
24,0.07729468599033816
25,0.07729468599033816
26,0.07729468599033816
27,0.07729468599033816
28,0.07729468599033816
29,0.07729468599033816
30,0.07729468599033816
31,0.07729468599033816
32,0.0821256038647343
33,0.0821256038647343
34,0.0821256038647343
35,0.0821256038647343
36,0.0821256038647343
37,0.0821256038647343
38,0.1111111111111111
39,0.1111111111111111
40,0.1111111111111111
41,0.1111111111111111
42,0.1111111111111111
43,0.1111111111111111
44,0.1111111111111111
45,0.1111111111111111
46,0.11594202898550725
47,0.11594202898550725
48,0.11594202898550725
49,0.12077294685990338
50,0.12077294685990338
51,0.15942028985507245
52,0.2318840579710145
53,0.2318840579710145
54,0.25120772946859904
55,0.30917874396135264
56,0.3140096618357488
57,0.32367149758454106
58,0.33816425120772947
