0,0.00966183574879227
1,0.00966183574879227
2,0.00966183574879227
3,0.00966183574879227
4,0.00966183574879227
5,0.00966183574879227
6,0.00966183574879227
7,0.00966183574879227
8,0.00966183574879227
9,0.00966183574879227
10,0.014492753623188406
11,0.014492753623188406
12,0.014492753623188406
13,0.014492753623188406
14,0.014492753623188406
15,0.014492753623188406
16,0.014492753623188406
17,0.014492753623188406
18,0.014492753623188406
19,0.014492753623188406
20,0.028985507246376812
21,0.028985507246376812
22,0.028985507246376812
23,0.028985507246376812
24,0.028985507246376812
25,0.028985507246376812
26,0.028985507246376812
27,0.033816425120772944
28,0.033816425120772944
29,0.033816425120772944
30,0.033816425120772944
31,0.033816425120772944
32,0.033816425120772944
33,0.033816425120772944
34,0.033816425120772944
35,0.033816425120772944
36,0.033816425120772944
37,0.033816425120772944
38,0.033816425120772944
39,0.033816425120772944
40,0.033816425120772944
41,0.033816425120772944
42,0.033816425120772944
43,0.033816425120772944
44,0.033816425120772944
45,0.033816425120772944
46,0.033816425120772944
47,0.033816425120772944
48,0.033816425120772944
49,0.033816425120772944
50,0.033816425120772944
51,0.033816425120772944
52,0.033816425120772944
53,0.033816425120772944
54,0.033816425120772944
55,0.033816425120772944
56,0.033816425120772944
57,0.033816425120772944
58,0.033816425120772944
59,0.033816425120772944
60,0.033816425120772944
61,0.033816425120772944
62,0.033816425120772944
63,0.04830917874396135
64,0.04830917874396135
65,0.04830917874396135
66,0.04830917874396135
67,0.04830917874396135
68,0.04830917874396135
69,0.04830917874396135
70,0.04830917874396135
71,0.04830917874396135
72,0.04830917874396135
73,0.04830917874396135
74,0.04830917874396135
75,0.04830917874396135
76,0.04830917874396135
77,0.04830917874396135
78,0.04830917874396135
79,0.04830917874396135
80,0.04830917874396135
81,0.04830917874396135
82,0.04830917874396135
83,0.04830917874396135
84,0.04830917874396135
85,0.04830917874396135
86,0.04830917874396135
87,0.04830917874396135
88,0.04830917874396135
89,0.04830917874396135
90,0.04830917874396135
91,0.04830917874396135
92,0.04830917874396135
93,0.04830917874396135
94,0.04830917874396135
95,0.04830917874396135
96,0.04830917874396135
97,0.04830917874396135
98,0.04830917874396135
99,0.04830917874396135
100,0.05314009661835749
