0,0.024154589371980676
1,0.05314009661835749
2,0.06280193236714976
3,0.06763285024154589
4,0.0821256038647343
5,0.08695652173913043
6,0.0966183574879227
7,0.0966183574879227
8,0.0966183574879227
9,0.0966183574879227
10,0.0966183574879227
11,0.0966183574879227
12,0.0966183574879227
13,0.0966183574879227
14,0.0966183574879227
15,0.0966183574879227
16,0.0966183574879227
17,0.0966183574879227
18,0.0966183574879227
19,0.0966183574879227
20,0.0966183574879227
21,0.11594202898550725
22,0.11594202898550725
23,0.11594202898550725
24,0.11594202898550725
25,0.11594202898550725
26,0.11594202898550725
27,0.12560386473429952
28,0.12560386473429952
29,0.12560386473429952
30,0.12560386473429952
31,0.12560386473429952
32,0.13043478260869565
33,0.13043478260869565
34,0.13043478260869565
35,0.13043478260869565
36,0.13043478260869565
37,0.13043478260869565
38,0.13043478260869565
39,0.13043478260869565
40,0.13043478260869565
41,0.13043478260869565
42,0.13043478260869565
