0,0.014492753623188406
1,0.014492753623188406
2,0.028985507246376812
3,0.03864734299516908
4,0.06763285024154589
5,0.12077294685990338
6,0.16908212560386474
7,0.21256038647342995
8,0.27053140096618356
9,0.27053140096618356
10,0.30434782608695654
11,0.30434782608695654
12,0.3526570048309179
13,0.3526570048309179
14,0.3526570048309179
15,0.3526570048309179
16,0.3526570048309179
17,0.3526570048309179
18,0.3526570048309179
19,0.3526570048309179
20,0.3526570048309179
21,0.3526570048309179
22,0.3526570048309179
23,0.3526570048309179
24,0.3526570048309179
25,0.3526570048309179
26,0.3526570048309179
27,0.3671497584541063
28,0.3671497584541063
29,0.3671497584541063
30,0.3671497584541063
31,0.3671497584541063
32,0.3671497584541063
33,0.3671497584541063
34,0.3671497584541063
35,0.3671497584541063
36,0.3671497584541063
37,0.3671497584541063
38,0.3671497584541063
39,0.3671497584541063
40,0.4057971014492754
