0,0.014492753623188406
1,0.014492753623188406
2,0.014492753623188406
3,0.014492753623188406
4,0.028985507246376812
5,0.028985507246376812
6,0.028985507246376812
7,0.028985507246376812
8,0.028985507246376812
9,0.028985507246376812
10,0.04830917874396135
11,0.06280193236714976
12,0.06280193236714976
13,0.06280193236714976
14,0.06280193236714976
15,0.06763285024154589
16,0.06763285024154589
17,0.06763285024154589
18,0.06763285024154589
19,0.06763285024154589
20,0.06763285024154589
21,0.07246376811594203
22,0.07246376811594203
23,0.0966183574879227
24,0.0966183574879227
25,0.0966183574879227
26,0.0966183574879227
27,0.10144927536231885
28,0.10144927536231885
29,0.10144927536231885
30,0.10144927536231885
31,0.10144927536231885
32,0.10144927536231885
33,0.10144927536231885
34,0.10144927536231885
35,0.10144927536231885
36,0.10144927536231885
37,0.10144927536231885
38,0.10144927536231885
39,0.10144927536231885
40,0.10144927536231885
41,0.10144927536231885
42,0.10144927536231885
43,0.10144927536231885
44,0.10144927536231885
45,0.10144927536231885
46,0.10144927536231885
47,0.10144927536231885
48,0.10144927536231885
49,0.10144927536231885
50,0.10144927536231885
51,0.10144927536231885
52,0.10144927536231885
53,0.10144927536231885
54,0.10144927536231885
55,0.10144927536231885
56,0.10144927536231885
57,0.10628019323671498
58,0.10628019323671498
59,0.10628019323671498
60,0.12077294685990338
61,0.12077294685990338
62,0.12077294685990338
63,0.12077294685990338
64,0.12077294685990338
65,0.12077294685990338
66,0.12077294685990338
67,0.12077294685990338
