0,0.00966183574879227
1,0.01932367149758454
2,0.01932367149758454
3,0.01932367149758454
4,0.01932367149758454
5,0.01932367149758454
6,0.01932367149758454
7,0.01932367149758454
8,0.01932367149758454
9,0.024154589371980676
10,0.024154589371980676
11,0.024154589371980676
12,0.033816425120772944
13,0.033816425120772944
14,0.05314009661835749
15,0.05314009661835749
16,0.05314009661835749
17,0.05314009661835749
18,0.05314009661835749
19,0.05314009661835749
20,0.05314009661835749
21,0.05314009661835749
22,0.05314009661835749
23,0.05314009661835749
24,0.05314009661835749
25,0.05314009661835749
26,0.05314009661835749
27,0.05314009661835749
28,0.05314009661835749
29,0.05314009661835749
30,0.05314009661835749
31,0.05314009661835749
32,0.05314009661835749
33,0.05314009661835749
34,0.05314009661835749
35,0.05314009661835749
36,0.05314009661835749
37,0.05314009661835749
38,0.05314009661835749
39,0.05314009661835749
40,0.05314009661835749
41,0.05314009661835749
42,0.05314009661835749
43,0.05314009661835749
44,0.05314009661835749
45,0.05314009661835749
46,0.05314009661835749
47,0.05314009661835749
48,0.05314009661835749
49,0.05314009661835749
50,0.09178743961352658
51,0.09178743961352658
