0,0.01932367149758454
1,0.03864734299516908
2,0.08695652173913043
3,0.10628019323671498
4,0.10628019323671498
5,0.1111111111111111
6,0.1111111111111111
7,0.1111111111111111
8,0.1111111111111111
9,0.14492753623188406
10,0.14492753623188406
11,0.14492753623188406
12,0.14492753623188406
13,0.14492753623188406
14,0.19806763285024154
15,0.19806763285024154
16,0.19806763285024154
17,0.19806763285024154
18,0.19806763285024154
19,0.19806763285024154
20,0.19806763285024154
21,0.19806763285024154
22,0.19806763285024154
23,0.19806763285024154
24,0.19806763285024154
25,0.19806763285024154
26,0.19806763285024154
27,0.19806763285024154
28,0.19806763285024154
29,0.19806763285024154
30,0.19806763285024154
31,0.19806763285024154
32,0.19806763285024154
33,0.19806763285024154
34,0.19806763285024154
35,0.19806763285024154
