0,0.00966183574879227
1,0.01932367149758454
2,0.028985507246376812
3,0.03864734299516908
4,0.043478260869565216
5,0.043478260869565216
6,0.043478260869565216
7,0.043478260869565216
8,0.0821256038647343
9,0.08695652173913043
10,0.08695652173913043
11,0.08695652173913043
12,0.09178743961352658
13,0.18357487922705315
14,0.18357487922705315
15,0.18357487922705315
16,0.18357487922705315
17,0.18357487922705315
18,0.18357487922705315
19,0.18357487922705315
20,0.18357487922705315
21,0.18357487922705315
22,0.18357487922705315
23,0.18357487922705315
24,0.18357487922705315
25,0.18357487922705315
26,0.18357487922705315
27,0.18357487922705315
28,0.18357487922705315
29,0.18357487922705315
30,0.18357487922705315
31,0.18357487922705315
32,0.18357487922705315
33,0.18357487922705315
34,0.18357487922705315
35,0.18357487922705315
36,0.18357487922705315
37,0.18357487922705315
38,0.18357487922705315
39,0.18357487922705315
40,0.18357487922705315
41,0.18357487922705315
42,0.18357487922705315
43,0.18357487922705315
44,0.18357487922705315
45,0.18357487922705315
46,0.18357487922705315
47,0.18357487922705315
48,0.18357487922705315
