0,0.014492753623188406
1,0.014492753623188406
2,0.014492753623188406
3,0.01932367149758454
4,0.024154589371980676
5,0.033816425120772944
6,0.033816425120772944
7,0.03864734299516908
8,0.03864734299516908
9,0.03864734299516908
10,0.03864734299516908
11,0.03864734299516908
12,0.03864734299516908
13,0.03864734299516908
14,0.03864734299516908
15,0.03864734299516908
16,0.03864734299516908
17,0.043478260869565216
18,0.043478260869565216
19,0.043478260869565216
20,0.043478260869565216
21,0.043478260869565216
22,0.043478260869565216
23,0.043478260869565216
24,0.043478260869565216
25,0.043478260869565216
26,0.043478260869565216
27,0.043478260869565216
28,0.043478260869565216
29,0.043478260869565216
30,0.043478260869565216
31,0.043478260869565216
32,0.043478260869565216
33,0.043478260869565216
34,0.043478260869565216
35,0.043478260869565216
36,0.04830917874396135
37,0.04830917874396135
38,0.04830917874396135
39,0.04830917874396135
40,0.04830917874396135
41,0.04830917874396135
42,0.04830917874396135
43,0.04830917874396135
