0,0.0
1,0.0
2,0.0
3,0.0
4,0.0
5,0.0
6,0.014492753623188406
7,0.014492753623188406
8,0.014492753623188406
9,0.014492753623188406
10,0.024154589371980676
11,0.024154589371980676
12,0.024154589371980676
13,0.024154589371980676
14,0.024154589371980676
15,0.043478260869565216
16,0.057971014492753624
17,0.057971014492753624
18,0.10628019323671498
19,0.10628019323671498
20,0.10628019323671498
21,0.10628019323671498
22,0.11594202898550725
23,0.11594202898550725
24,0.11594202898550725
25,0.11594202898550725
26,0.11594202898550725
27,0.11594202898550725
28,0.11594202898550725
29,0.11594202898550725
30,0.11594202898550725
31,0.11594202898550725
32,0.11594202898550725
33,0.12560386473429952
34,0.13043478260869565
35,0.15942028985507245
36,0.15942028985507245
37,0.15942028985507245
38,0.21739130434782608
39,0.21739130434782608
40,0.21739130434782608
41,0.21739130434782608
42,0.21739130434782608
43,0.21739130434782608
44,0.21739130434782608
45,0.21739130434782608
46,0.21739130434782608
47,0.21739130434782608
48,0.21739130434782608
49,0.21739130434782608
50,0.23671497584541062
51,0.23671497584541062
52,0.23671497584541062
53,0.23671497584541062
54,0.24154589371980675
55,0.26570048309178745
56,0.26570048309178745
57,0.26570048309178745
58,0.26570048309178745
59,0.26570048309178745
