0,0.06280193236714976
1,0.06280193236714976
2,0.06280193236714976
3,0.06763285024154589
4,0.06763285024154589
5,0.06763285024154589
6,0.06763285024154589
7,0.07729468599033816
8,0.0821256038647343
9,0.08695652173913043
10,0.08695652173913043
11,0.08695652173913043
12,0.08695652173913043
13,0.09178743961352658
14,0.09178743961352658
15,0.09178743961352658
16,0.09178743961352658
17,0.0966183574879227
18,0.0966183574879227
19,0.12560386473429952
20,0.14492753623188406
21,0.14492753623188406
22,0.14492753623188406
23,0.14492753623188406
24,0.14492753623188406
25,0.1497584541062802
26,0.1642512077294686
