0,0.0
1,0.0
2,0.0
3,0.0
4,0.0
5,0.0
6,0.0
7,0.0
8,0.0
9,0.0
10,0.0
11,0.0
12,0.0
13,0.0
14,0.0
15,0.0
16,0.0
17,0.0
18,0.0
19,0.0
20,0.0
21,0.0
22,0.0
23,0.014492753623188406
24,0.014492753623188406
25,0.014492753623188406
26,0.014492753623188406
27,0.014492753623188406
28,0.014492753623188406
29,0.014492753623188406
30,0.014492753623188406
31,0.014492753623188406
32,0.028985507246376812
33,0.028985507246376812
34,0.028985507246376812
35,0.043478260869565216
36,0.043478260869565216
37,0.043478260869565216
38,0.043478260869565216
39,0.043478260869565216
40,0.043478260869565216
41,0.10628019323671498
42,0.1111111111111111
43,0.13043478260869565
44,0.13526570048309178
45,0.14009661835748793
46,0.17391304347826086
47,0.17391304347826086
48,0.18357487922705315
49,0.18357487922705315
50,0.18840579710144928
51,0.18840579710144928
52,0.1932367149758454
53,0.1932367149758454
54,0.21256038647342995
55,0.21256038647342995
56,0.21256038647342995
57,0.21256038647342995
58,0.21256038647342995
59,0.21256038647342995
60,0.21256038647342995
61,0.21256038647342995
62,0.21256038647342995
63,0.21256038647342995
64,0.21256038647342995
65,0.21256038647342995
66,0.21256038647342995
67,0.21256038647342995
68,0.21256038647342995
69,0.21256038647342995
70,0.21256038647342995
71,0.21256038647342995
72,0.21256038647342995
73,0.21256038647342995
74,0.21256038647342995
75,0.21256038647342995
76,0.21256038647342995
77,0.21256038647342995
