0,0.01932367149758454
1,0.01932367149758454
2,0.01932367149758454
3,0.024154589371980676
4,0.024154589371980676
5,0.028985507246376812
6,0.033816425120772944
7,0.033816425120772944
8,0.043478260869565216
9,0.043478260869565216
10,0.05314009661835749
11,0.05314009661835749
12,0.07246376811594203
13,0.07246376811594203
14,0.07246376811594203
15,0.07246376811594203
16,0.07246376811594203
17,0.07246376811594203
18,0.07246376811594203
19,0.07246376811594203
20,0.07246376811594203
21,0.07246376811594203
22,0.07246376811594203
23,0.07246376811594203
24,0.07246376811594203
25,0.07246376811594203
26,0.0821256038647343
27,0.0821256038647343
28,0.0821256038647343
29,0.08695652173913043
30,0.08695652173913043
31,0.08695652173913043
32,0.08695652173913043
33,0.08695652173913043
34,0.09178743961352658
35,0.09178743961352658
36,0.09178743961352658
37,0.09178743961352658
38,0.09178743961352658
39,0.09178743961352658
40,0.09178743961352658
41,0.09178743961352658
42,0.09178743961352658
43,0.09178743961352658
44,0.09178743961352658
45,0.09178743961352658
46,0.09178743961352658
47,0.09178743961352658
48,0.09178743961352658
49,0.09178743961352658
50,0.09178743961352658
51,0.09178743961352658
52,0.09178743961352658
53,0.09178743961352658
54,0.09178743961352658
55,0.09178743961352658
56,0.09178743961352658
57,0.09178743961352658
58,0.09178743961352658
59,0.09178743961352658
60,0.09178743961352658
61,0.09178743961352658
62,0.09178743961352658
63,0.09178743961352658
64,0.09178743961352658
65,0.09178743961352658
66,0.09178743961352658
67,0.09178743961352658
68,0.0966183574879227
69,0.0966183574879227
70,0.0966183574879227
71,0.0966183574879227
72,0.0966183574879227
73,0.0966183574879227
74,0.0966183574879227
75,0.0966183574879227
76,0.0966183574879227
77,0.0966183574879227
78,0.0966183574879227
79,0.0966183574879227
80,0.0966183574879227
81,0.0966183574879227
82,0.0966183574879227
83,0.0966183574879227
84,0.0966183574879227
85,0.0966183574879227
86,0.0966183574879227
87,0.0966183574879227
88,0.0966183574879227
89,0.10628019323671498
90,0.10628019323671498
91,0.10628019323671498
92,0.10628019323671498
93,0.10628019323671498
94,0.10628019323671498
95,0.10628019323671498
96,0.10628019323671498
97,0.10628019323671498
98,0.10628019323671498
99,0.10628019323671498
100,0.10628019323671498
