0,0.0
1,0.0
2,0.0
3,0.0
4,0.0
5,0.0
6,0.0
7,0.0
8,0.0
9,0.0
10,0.0
11,0.0
12,0.0
13,0.0
14,0.0
15,0.0
16,0.0
17,0.0
18,0.0
19,0.07246376811594203
20,0.07246376811594203
21,0.07729468599033816
22,0.12077294685990338
23,0.12560386473429952
24,0.13043478260869565
25,0.13043478260869565
26,0.13043478260869565
27,0.13043478260869565
28,0.13526570048309178
29,0.1497584541062802
30,0.1497584541062802
31,0.1497584541062802
32,0.1497584541062802
33,0.17391304347826086
34,0.17391304347826086
35,0.17391304347826086
36,0.17391304347826086
37,0.17391304347826086
38,0.17391304347826086
39,0.17391304347826086
40,0.17391304347826086
41,0.17391304347826086
42,0.17391304347826086
43,0.17391304347826086
44,0.17391304347826086
45,0.17391304347826086
46,0.17391304347826086
47,0.17391304347826086
48,0.17391304347826086
49,0.17391304347826086
50,0.17391304347826086
51,0.17391304347826086
52,0.17391304347826086
53,0.17391304347826086
54,0.17391304347826086
55,0.17391304347826086
56,0.17391304347826086
57,0.17391304347826086
58,0.17391304347826086
59,0.17391304347826086
60,0.17391304347826086
61,0.17391304347826086
62,0.17391304347826086
63,0.17391304347826086
64,0.17391304347826086
65,0.17391304347826086
66,0.17391304347826086
67,0.17391304347826086
68,0.17391304347826086
69,0.17391304347826086
70,0.17391304347826086
71,0.17391304347826086
72,0.17391304347826086
73,0.17391304347826086
74,0.17391304347826086
75,0.17391304347826086
76,0.17391304347826086
77,0.17391304347826086
78,0.17391304347826086
79,0.17391304347826086
80,0.17391304347826086
81,0.17391304347826086
82,0.17391304347826086
83,0.17391304347826086
84,0.17391304347826086
85,0.17391304347826086
86,0.17391304347826086
87,0.17391304347826086
88,0.17391304347826086
89,0.17391304347826086
90,0.17391304347826086
91,0.18357487922705315
92,0.18357487922705315
93,0.18357487922705315
94,0.18357487922705315
95,0.18357487922705315
96,0.18357487922705315
97,0.18357487922705315
98,0.18357487922705315
99,0.18357487922705315
100,0.18357487922705315
