0,0.0
1,0.0
2,0.0
3,0.0
4,0.0
5,0.09178743961352658
6,0.09178743961352658
7,0.10628019323671498
8,0.12077294685990338
9,0.17391304347826086
10,0.18357487922705315
11,0.18357487922705315
12,0.18357487922705315
13,0.18840579710144928
14,0.18840579710144928
15,0.18840579710144928
16,0.18840579710144928
17,0.1932367149758454
18,0.1932367149758454
19,0.1932367149758454
20,0.1932367149758454
21,0.1932367149758454
22,0.1932367149758454
23,0.1932367149758454
24,0.1932367149758454
25,0.1932367149758454
26,0.1932367149758454
27,0.1932367149758454
28,0.19806763285024154
29,0.19806763285024154
30,0.19806763285024154
31,0.21739130434782608
32,0.21739130434782608
33,0.21739130434782608
34,0.21739130434782608
35,0.21739130434782608
36,0.21739130434782608
37,0.21739130434782608
38,0.21739130434782608
39,0.21739130434782608
40,0.21739130434782608
41,0.21739130434782608
42,0.21739130434782608
43,0.21739130434782608
44,0.21739130434782608
45,0.21739130434782608
46,0.21739130434782608
47,0.21739130434782608
48,0.21739130434782608
49,0.21739130434782608
50,0.21739130434782608
51,0.21739130434782608
52,0.21739130434782608
53,0.21739130434782608
54,0.21739130434782608
55,0.21739130434782608
56,0.21739130434782608
57,0.21739130434782608
58,0.21739130434782608
59,0.21739130434782608
60,0.21739130434782608
61,0.21739130434782608
62,0.2222222222222222
63,0.2222222222222222
