0,0.024154589371980676
1,0.043478260869565216
2,0.043478260869565216
3,0.06280193236714976
4,0.06763285024154589
5,0.0821256038647343
6,0.0821256038647343
7,0.0821256038647343
8,0.0821256038647343
9,0.0821256038647343
10,0.0821256038647343
11,0.10144927536231885
12,0.10628019323671498
13,0.10628019323671498
14,0.10628019323671498
15,0.10628019323671498
16,0.10628019323671498
17,0.10628019323671498
18,0.10628019323671498
19,0.10628019323671498
20,0.10628019323671498
21,0.10628019323671498
22,0.10628019323671498
23,0.10628019323671498
24,0.10628019323671498
25,0.10628019323671498
26,0.10628019323671498
27,0.10628019323671498
28,0.10628019323671498
29,0.10628019323671498
30,0.10628019323671498
31,0.10628019323671498
32,0.10628019323671498
33,0.10628019323671498
34,0.10628019323671498
35,0.10628019323671498
36,0.10628019323671498
37,0.10628019323671498
38,0.10628019323671498
39,0.10628019323671498
40,0.10628019323671498
41,0.10628019323671498
42,0.10628019323671498
43,0.11594202898550725
44,0.11594202898550725
45,0.11594202898550725
46,0.11594202898550725
47,0.11594202898550725
48,0.11594202898550725
49,0.11594202898550725
50,0.11594202898550725
51,0.11594202898550725
52,0.11594202898550725
53,0.11594202898550725
54,0.11594202898550725
55,0.11594202898550725
56,0.11594202898550725
57,0.11594202898550725
58,0.11594202898550725
59,0.11594202898550725
60,0.11594202898550725
61,0.11594202898550725
62,0.11594202898550725
63,0.11594202898550725
64,0.11594202898550725
65,0.11594202898550725
66,0.12077294685990338
67,0.12077294685990338
68,0.12077294685990338
69,0.12077294685990338
70,0.12077294685990338
71,0.12077294685990338
72,0.12077294685990338
73,0.12077294685990338
74,0.12077294685990338
75,0.12077294685990338
76,0.12077294685990338
77,0.12077294685990338
78,0.12077294685990338
79,0.12077294685990338
80,0.12077294685990338
81,0.12077294685990338
82,0.12077294685990338
83,0.12077294685990338
84,0.12077294685990338
85,0.12077294685990338
86,0.12077294685990338
87,0.12077294685990338
88,0.12077294685990338
89,0.12077294685990338
90,0.12077294685990338
91,0.12077294685990338
92,0.12077294685990338
93,0.12077294685990338
94,0.12077294685990338
95,0.12077294685990338
96,0.12077294685990338
97,0.12077294685990338
98,0.12077294685990338
99,0.12077294685990338
100,0.12077294685990338
