0,0.0
1,0.0
2,0.028985507246376812
3,0.028985507246376812
4,0.033816425120772944
5,0.033816425120772944
6,0.033816425120772944
7,0.033816425120772944
8,0.033816425120772944
9,0.04830917874396135
10,0.04830917874396135
11,0.05314009661835749
12,0.05314009661835749
13,0.05314009661835749
14,0.05314009661835749
15,0.05314009661835749
16,0.057971014492753624
17,0.057971014492753624
18,0.057971014492753624
19,0.057971014492753624
20,0.057971014492753624
21,0.057971014492753624
22,0.057971014492753624
23,0.057971014492753624
24,0.057971014492753624
25,0.057971014492753624
26,0.057971014492753624
27,0.057971014492753624
28,0.057971014492753624
29,0.057971014492753624
30,0.057971014492753624
31,0.057971014492753624
32,0.057971014492753624
33,0.057971014492753624
34,0.057971014492753624
35,0.057971014492753624
36,0.057971014492753624
37,0.057971014492753624
38,0.06280193236714976
39,0.06280193236714976
40,0.06280193236714976
41,0.06280193236714976
42,0.06280193236714976
43,0.06280193236714976
44,0.07246376811594203
45,0.07246376811594203
46,0.07246376811594203
47,0.07246376811594203
48,0.07246376811594203
49,0.07246376811594203
50,0.07246376811594203
51,0.07246376811594203
52,0.07246376811594203
53,0.07246376811594203
54,0.07246376811594203
55,0.07246376811594203
56,0.07246376811594203
57,0.07246376811594203
58,0.07246376811594203
59,0.07246376811594203
60,0.07246376811594203
61,0.07246376811594203
62,0.07246376811594203
63,0.07246376811594203
64,0.07246376811594203
65,0.07246376811594203
66,0.07246376811594203
67,0.07246376811594203
68,0.07246376811594203
69,0.07246376811594203
70,0.07246376811594203
71,0.07246376811594203
72,0.07246376811594203
73,0.07246376811594203
74,0.07246376811594203
75,0.07246376811594203
76,0.07246376811594203
77,0.07246376811594203
78,0.07246376811594203
79,0.07246376811594203
80,0.07246376811594203
81,0.07246376811594203
82,0.07246376811594203
83,0.07246376811594203
84,0.07246376811594203
85,0.07246376811594203
86,0.07246376811594203
87,0.07246376811594203
88,0.07246376811594203
89,0.07246376811594203
90,0.07246376811594203
91,0.07246376811594203
92,0.07246376811594203
93,0.07246376811594203
94,0.07246376811594203
95,0.07246376811594203
96,0.07246376811594203
97,0.07246376811594203
98,0.07246376811594203
99,0.07246376811594203
100,0.07246376811594203
