0,0.0
1,0.0
2,0.0
3,0.0
4,0.0
5,0.0
6,0.0
7,0.0
8,0.0
9,0.0
10,0.0
11,0.0
12,0.014492753623188406
13,0.014492753623188406
14,0.014492753623188406
15,0.014492753623188406
16,0.014492753623188406
17,0.014492753623188406
18,0.014492753623188406
19,0.014492753623188406
20,0.014492753623188406
21,0.03864734299516908
22,0.03864734299516908
23,0.07729468599033816
24,0.13043478260869565
25,0.15458937198067632
26,0.15458937198067632
27,0.1932367149758454
28,0.22705314009661837
29,0.22705314009661837
30,0.22705314009661837
31,0.22705314009661837
32,0.22705314009661837
33,0.22705314009661837
34,0.22705314009661837
35,0.22705314009661837
36,0.22705314009661837
37,0.22705314009661837
38,0.22705314009661837
39,0.22705314009661837
40,0.22705314009661837
41,0.22705314009661837
42,0.22705314009661837
43,0.22705314009661837
44,0.22705314009661837
45,0.22705314009661837
46,0.22705314009661837
47,0.22705314009661837
48,0.22705314009661837
49,0.22705314009661837
50,0.22705314009661837
51,0.22705314009661837
52,0.22705314009661837
53,0.22705314009661837
54,0.22705314009661837
55,0.22705314009661837
56,0.22705314009661837
57,0.22705314009661837
58,0.22705314009661837
59,0.22705314009661837
60,0.22705314009661837
61,0.22705314009661837
62,0.22705314009661837
63,0.22705314009661837
64,0.22705314009661837
65,0.22705314009661837
66,0.22705314009661837
67,0.22705314009661837
68,0.22705314009661837
69,0.22705314009661837
70,0.22705314009661837
71,0.22705314009661837
72,0.25120772946859904
73,0.25120772946859904
74,0.25120772946859904
75,0.25120772946859904
76,0.25120772946859904
77,0.26570048309178745
78,0.26570048309178745
79,0.2753623188405797
80,0.28019323671497587
81,0.28019323671497587
82,0.28502415458937197
83,0.3140096618357488
84,0.3140096618357488
85,0.3140096618357488
86,0.3140096618357488
87,0.3140096618357488
88,0.3140096618357488
89,0.3140096618357488
90,0.3140096618357488
91,0.3140096618357488
92,0.3140096618357488
93,0.3140096618357488
94,0.3140096618357488
95,0.3140096618357488
96,0.3140096618357488
97,0.3140096618357488
