0,0.0
1,0.0
2,0.0
3,0.0
4,0.0
5,0.0
6,0.0
7,0.0
8,0.0
9,0.0
10,0.0
11,0.0
12,0.0
13,0.0
14,0.0
15,0.0
16,0.0
17,0.0
18,0.0
19,0.0
20,0.0
21,0.0
22,0.0
23,0.0
24,0.0
25,0.0
26,0.0
27,0.0
28,0.0
29,0.0
30,0.0
31,0.0
32,0.0
33,0.0
34,0.0
35,0.0
36,0.0
37,0.0
38,0.0
39,0.0
40,0.0
41,0.0
42,0.0
43,0.0
44,0.0
45,0.0
46,0.0
47,0.0
48,0.0
49,0.0
50,0.0
51,0.0
52,0.0
53,0.0
54,0.0
55,0.0
56,0.0
57,0.0
58,0.0
59,0.03864734299516908
60,0.03864734299516908
61,0.03864734299516908
62,0.04830917874396135
63,0.04830917874396135
64,0.057971014492753624
65,0.057971014492753624
66,0.057971014492753624
67,0.07246376811594203
68,0.07729468599033816
69,0.07729468599033816
70,0.07729468599033816
71,0.10628019323671498
72,0.10628019323671498
73,0.10628019323671498
74,0.10628019323671498
75,0.10628019323671498
76,0.1111111111111111
77,0.1111111111111111
78,0.1111111111111111
79,0.1111111111111111
80,0.1111111111111111
81,0.1111111111111111
82,0.1111111111111111
83,0.1111111111111111
84,0.1111111111111111
85,0.1111111111111111
86,0.1111111111111111
87,0.1111111111111111
88,0.1111111111111111
89,0.11594202898550725
90,0.11594202898550725
91,0.11594202898550725
92,0.11594202898550725
93,0.11594202898550725
94,0.11594202898550725
95,0.11594202898550725
96,0.11594202898550725
97,0.11594202898550725
98,0.11594202898550725
99,0.11594202898550725
100,0.11594202898550725
