0,0.0
1,0.0
2,0.0
3,0.0
4,0.0
5,0.0
6,0.0
7,0.0
8,0.0
9,0.0
10,0.0
11,0.0
12,0.0
13,0.0
14,0.0
15,0.0
16,0.0
17,0.0
18,0.0
19,0.0
20,0.0
21,0.0
22,0.0
23,0.0
24,0.0
25,0.0
26,0.0
27,0.0
28,0.0
29,0.06280193236714976
30,0.06280193236714976
31,0.07246376811594203
32,0.0821256038647343
33,0.0966183574879227
34,0.1111111111111111
35,0.1111111111111111
36,0.1111111111111111
37,0.1111111111111111
38,0.1111111111111111
39,0.1111111111111111
40,0.11594202898550725
41,0.11594202898550725
42,0.11594202898550725
43,0.11594202898550725
44,0.11594202898550725
45,0.11594202898550725
46,0.11594202898550725
47,0.11594202898550725
48,0.11594202898550725
49,0.11594202898550725
50,0.11594202898550725
51,0.11594202898550725
52,0.11594202898550725
53,0.11594202898550725
54,0.11594202898550725
55,0.11594202898550725
56,0.11594202898550725
57,0.11594202898550725
58,0.11594202898550725
59,0.11594202898550725
60,0.11594202898550725
61,0.11594202898550725
62,0.13043478260869565
63,0.13043478260869565
64,0.13043478260869565
65,0.13043478260869565
66,0.13043478260869565
67,0.13043478260869565
68,0.13043478260869565
69,0.13043478260869565
70,0.13043478260869565
71,0.13043478260869565
72,0.13043478260869565
73,0.13043478260869565
74,0.13043478260869565
75,0.13043478260869565
76,0.13043478260869565
77,0.13043478260869565
78,0.13043478260869565
79,0.13043478260869565
80,0.13043478260869565
81,0.13043478260869565
82,0.13043478260869565
83,0.13043478260869565
84,0.13043478260869565
85,0.13043478260869565
86,0.13043478260869565
87,0.13043478260869565
88,0.13043478260869565
89,0.13043478260869565
90,0.13043478260869565
91,0.13043478260869565
92,0.13043478260869565
93,0.13043478260869565
94,0.13043478260869565
95,0.13043478260869565
96,0.13043478260869565
97,0.13043478260869565
98,0.13043478260869565
99,0.13043478260869565
100,0.13043478260869565
