0,0.0
1,0.0
2,0.0
3,0.00966183574879227
4,0.00966183574879227
5,0.00966183574879227
6,0.00966183574879227
7,0.00966183574879227
8,0.00966183574879227
9,0.00966183574879227
10,0.00966183574879227
11,0.00966183574879227
12,0.00966183574879227
13,0.00966183574879227
14,0.00966183574879227
15,0.00966183574879227
16,0.00966183574879227
17,0.014492753623188406
18,0.014492753623188406
19,0.014492753623188406
20,0.014492753623188406
21,0.014492753623188406
22,0.014492753623188406
23,0.014492753623188406
24,0.014492753623188406
25,0.033816425120772944
26,0.033816425120772944
27,0.033816425120772944
28,0.033816425120772944
29,0.03864734299516908
30,0.03864734299516908
31,0.03864734299516908
32,0.03864734299516908
33,0.03864734299516908
34,0.043478260869565216
35,0.043478260869565216
36,0.043478260869565216
37,0.043478260869565216
38,0.04830917874396135
39,0.04830917874396135
40,0.06763285024154589
41,0.06763285024154589
42,0.07246376811594203
43,0.07246376811594203
44,0.07729468599033816
45,0.07729468599033816
46,0.0821256038647343
47,0.0821256038647343
48,0.10628019323671498
49,0.10628019323671498
