0,0.0
1,0.0
2,0.0
3,0.0
4,0.0
5,0.0
6,0.0
7,0.0
8,0.00966183574879227
9,0.00966183574879227
10,0.00966183574879227
11,0.00966183574879227
12,0.00966183574879227
13,0.00966183574879227
14,0.00966183574879227
15,0.00966183574879227
16,0.00966183574879227
17,0.00966183574879227
18,0.00966183574879227
19,0.00966183574879227
20,0.00966183574879227
21,0.00966183574879227
22,0.00966183574879227
23,0.00966183574879227
24,0.00966183574879227
25,0.00966183574879227
26,0.00966183574879227
27,0.00966183574879227
28,0.00966183574879227
29,0.00966183574879227
30,0.00966183574879227
31,0.00966183574879227
32,0.00966183574879227
33,0.00966183574879227
34,0.00966183574879227
35,0.00966183574879227
36,0.00966183574879227
37,0.00966183574879227
38,0.00966183574879227
39,0.00966183574879227
40,0.00966183574879227
41,0.00966183574879227
42,0.00966183574879227
43,0.00966183574879227
44,0.00966183574879227
45,0.01932367149758454
46,0.01932367149758454
47,0.01932367149758454
48,0.028985507246376812
49,0.028985507246376812
50,0.028985507246376812
51,0.033816425120772944
52,0.033816425120772944
53,0.033816425120772944
54,0.033816425120772944
55,0.033816425120772944
56,0.033816425120772944
57,0.03864734299516908
58,0.05314009661835749
59,0.05314009661835749
60,0.05314009661835749
61,0.05314009661835749
62,0.05314009661835749
63,0.05314009661835749
64,0.05314009661835749
65,0.05314009661835749
66,0.05314009661835749
67,0.05314009661835749
68,0.05314009661835749
69,0.05314009661835749
70,0.05314009661835749
71,0.05314009661835749
72,0.05314009661835749
73,0.05314009661835749
74,0.05314009661835749
75,0.05314009661835749
76,0.05314009661835749
77,0.05314009661835749
78,0.05314009661835749
79,0.05314009661835749
80,0.05314009661835749
81,0.05314009661835749
82,0.05314009661835749
83,0.05314009661835749
84,0.05314009661835749
85,0.057971014492753624
