0,0.014492753623188406
1,0.014492753623188406
2,0.014492753623188406
3,0.014492753623188406
4,0.024154589371980676
5,0.028985507246376812
6,0.028985507246376812
7,0.028985507246376812
8,0.05314009661835749
9,0.06763285024154589
10,0.08695652173913043
11,0.08695652173913043
12,0.11594202898550725
13,0.11594202898550725
14,0.11594202898550725
15,0.11594202898550725
16,0.11594202898550725
17,0.11594202898550725
18,0.11594202898550725
19,0.11594202898550725
20,0.11594202898550725
21,0.11594202898550725
22,0.11594202898550725
23,0.11594202898550725
24,0.11594202898550725
25,0.11594202898550725
26,0.11594202898550725
27,0.11594202898550725
28,0.13526570048309178
29,0.13526570048309178
30,0.13526570048309178
31,0.13526570048309178
32,0.13526570048309178
33,0.13526570048309178
34,0.13526570048309178
35,0.13526570048309178
36,0.13526570048309178
37,0.13526570048309178
38,0.13526570048309178
39,0.13526570048309178
40,0.13526570048309178
41,0.13526570048309178
42,0.13526570048309178
43,0.15942028985507245
44,0.15942028985507245
45,0.16908212560386474
46,0.16908212560386474
47,0.16908212560386474
48,0.16908212560386474
49,0.16908212560386474
50,0.16908212560386474
51,0.2028985507246377
52,0.20772946859903382
53,0.20772946859903382
54,0.20772946859903382
55,0.20772946859903382
56,0.21256038647342995
57,0.21256038647342995
58,0.21256038647342995
59,0.21256038647342995
60,0.21256038647342995
61,0.21256038647342995
