0,0.0
1,0.00966183574879227
2,0.00966183574879227
3,0.00966183574879227
4,0.01932367149758454
5,0.01932367149758454
6,0.01932367149758454
7,0.01932367149758454
8,0.01932367149758454
9,0.01932367149758454
10,0.01932367149758454
11,0.01932367149758454
12,0.01932367149758454
13,0.01932367149758454
14,0.01932367149758454
15,0.01932367149758454
16,0.01932367149758454
17,0.01932367149758454
18,0.01932367149758454
19,0.01932367149758454
20,0.01932367149758454
21,0.01932367149758454
22,0.01932367149758454
23,0.01932367149758454
24,0.01932367149758454
25,0.01932367149758454
26,0.01932367149758454
27,0.01932367149758454
28,0.01932367149758454
29,0.01932367149758454
30,0.01932367149758454
31,0.01932367149758454
32,0.01932367149758454
33,0.01932367149758454
34,0.01932367149758454
35,0.01932367149758454
36,0.01932367149758454
37,0.033816425120772944
38,0.03864734299516908
39,0.07246376811594203
40,0.10144927536231885
41,0.18357487922705315
42,0.20772946859903382
43,0.20772946859903382
44,0.28019323671497587
45,0.28502415458937197
46,0.2946859903381642
47,0.2995169082125604
48,0.2995169082125604
49,0.2995169082125604
50,0.3140096618357488
51,0.3140096618357488
52,0.3140096618357488
53,0.3188405797101449
54,0.3188405797101449
55,0.357487922705314
56,0.3671497584541063
57,0.3671497584541063
58,0.37681159420289856
59,0.391304347826087
60,0.391304347826087
61,0.391304347826087
62,0.391304347826087
63,0.391304347826087
64,0.391304347826087
65,0.391304347826087
66,0.391304347826087
67,0.391304347826087
68,0.3961352657004831
69,0.3961352657004831
70,0.4106280193236715
