0,0.00966183574879227
1,0.014492753623188406
2,0.014492753623188406
3,0.06280193236714976
4,0.1111111111111111
5,0.21256038647342995
6,0.34782608695652173
7,0.3864734299516908
8,0.3864734299516908
9,0.42995169082125606
10,0.42995169082125606
11,0.42995169082125606
12,0.42995169082125606
13,0.42995169082125606
14,0.42995169082125606
15,0.42995169082125606
16,0.42995169082125606
17,0.42995169082125606
18,0.42995169082125606
19,0.42995169082125606
20,0.42995169082125606
21,0.42995169082125606
22,0.42995169082125606
23,0.42995169082125606
24,0.42995169082125606
25,0.42995169082125606
26,0.42995169082125606
27,0.42995169082125606
28,0.42995169082125606
29,0.42995169082125606
30,0.42995169082125606
31,0.42995169082125606
32,0.42995169082125606
33,0.42995169082125606
34,0.42995169082125606
35,0.42995169082125606
36,0.42995169082125606
37,0.42995169082125606
38,0.42995169082125606
39,0.42995169082125606
40,0.42995169082125606
41,0.42995169082125606
42,0.42995169082125606
43,0.42995169082125606
44,0.42995169082125606
45,0.42995169082125606
46,0.42995169082125606
47,0.42995169082125606
48,0.42995169082125606
49,0.42995169082125606
50,0.42995169082125606
51,0.42995169082125606
52,0.42995169082125606
53,0.42995169082125606
54,0.42995169082125606
55,0.42995169082125606
56,0.42995169082125606
57,0.42995169082125606
58,0.42995169082125606
59,0.42995169082125606
60,0.42995169082125606
61,0.42995169082125606
62,0.42995169082125606
63,0.42995169082125606
64,0.42995169082125606
65,0.42995169082125606
66,0.42995169082125606
67,0.42995169082125606
68,0.42995169082125606
69,0.42995169082125606
70,0.42995169082125606
71,0.42995169082125606
72,0.42995169082125606
73,0.42995169082125606
74,0.42995169082125606
75,0.42995169082125606
76,0.42995169082125606
77,0.42995169082125606
78,0.42995169082125606
79,0.42995169082125606
80,0.42995169082125606
81,0.42995169082125606
82,0.42995169082125606
83,0.42995169082125606
84,0.42995169082125606
85,0.42995169082125606
86,0.42995169082125606
87,0.42995169082125606
88,0.42995169082125606
89,0.42995169082125606
90,0.42995169082125606
91,0.42995169082125606
92,0.42995169082125606
93,0.42995169082125606
94,0.42995169082125606
95,0.42995169082125606
96,0.42995169082125606
97,0.42995169082125606
98,0.42995169082125606
99,0.42995169082125606
100,0.42995169082125606
