0,0.0
1,0.01932367149758454
2,0.01932367149758454
3,0.01932367149758454
4,0.01932367149758454
5,0.01932367149758454
6,0.01932367149758454
7,0.01932367149758454
8,0.01932367149758454
9,0.01932367149758454
10,0.01932367149758454
11,0.01932367149758454
12,0.01932367149758454
13,0.01932367149758454
14,0.01932367149758454
15,0.01932367149758454
16,0.01932367149758454
17,0.01932367149758454
18,0.01932367149758454
19,0.01932367149758454
20,0.01932367149758454
21,0.01932367149758454
22,0.01932367149758454
23,0.01932367149758454
24,0.01932367149758454
25,0.01932367149758454
26,0.024154589371980676
27,0.024154589371980676
28,0.024154589371980676
29,0.024154589371980676
30,0.024154589371980676
31,0.033816425120772944
32,0.033816425120772944
33,0.033816425120772944
34,0.033816425120772944
35,0.033816425120772944
36,0.06280193236714976
37,0.0966183574879227
38,0.0966183574879227
39,0.0966183574879227
40,0.10144927536231885
41,0.10144927536231885
42,0.1497584541062802
43,0.1497584541062802
44,0.1497584541062802
45,0.1497584541062802
46,0.1497584541062802
47,0.1497584541062802
48,0.1497584541062802
49,0.1497584541062802
50,0.1497584541062802
51,0.1497584541062802
52,0.1497584541062802
53,0.22705314009661837
54,0.22705314009661837
55,0.22705314009661837
56,0.22705314009661837
57,0.22705314009661837
58,0.22705314009661837
59,0.22705314009661837
60,0.22705314009661837
61,0.22705314009661837
62,0.22705314009661837
63,0.22705314009661837
64,0.22705314009661837
65,0.22705314009661837
66,0.22705314009661837
67,0.22705314009661837
68,0.22705314009661837
69,0.22705314009661837
70,0.22705314009661837
71,0.25120772946859904
72,0.25120772946859904
73,0.25120772946859904
74,0.25120772946859904
75,0.25120772946859904
76,0.25120772946859904
77,0.25120772946859904
78,0.2753623188405797
