0,0.0
1,0.0
2,0.0
3,0.0
4,0.0
5,0.0
6,0.0
7,0.0
8,0.0
9,0.0
10,0.0
11,0.0
12,0.0
13,0.0
14,0.0
15,0.0
16,0.0
17,0.0
18,0.0
19,0.0
20,0.0
21,0.0
22,0.0
23,0.0
24,0.0
25,0.0
26,0.0
27,0.0
28,0.0
29,0.0
30,0.0
31,0.0
32,0.014492753623188406
33,0.014492753623188406
34,0.014492753623188406
35,0.014492753623188406
36,0.014492753623188406
37,0.014492753623188406
38,0.014492753623188406
39,0.014492753623188406
40,0.014492753623188406
41,0.014492753623188406
42,0.014492753623188406
43,0.014492753623188406
44,0.014492753623188406
45,0.014492753623188406
46,0.014492753623188406
47,0.014492753623188406
48,0.014492753623188406
49,0.014492753623188406
50,0.014492753623188406
51,0.014492753623188406
52,0.014492753623188406
53,0.014492753623188406
54,0.01932367149758454
55,0.01932367149758454
56,0.01932367149758454
57,0.01932367149758454
58,0.01932367149758454
59,0.01932367149758454
60,0.01932367149758454
61,0.01932367149758454
62,0.01932367149758454
63,0.01932367149758454
64,0.01932367149758454
65,0.01932367149758454
66,0.01932367149758454
67,0.01932367149758454
68,0.01932367149758454
69,0.01932367149758454
70,0.01932367149758454
71,0.01932367149758454
72,0.01932367149758454
73,0.01932367149758454
74,0.01932367149758454
75,0.01932367149758454
76,0.01932367149758454
77,0.01932367149758454
78,0.01932367149758454
79,0.01932367149758454
80,0.01932367149758454
81,0.01932367149758454
82,0.01932367149758454
83,0.01932367149758454
84,0.01932367149758454
85,0.01932367149758454
86,0.01932367149758454
87,0.01932367149758454
88,0.01932367149758454
89,0.01932367149758454
90,0.01932367149758454
91,0.01932367149758454
92,0.01932367149758454
93,0.024154589371980676
94,0.024154589371980676
95,0.024154589371980676
96,0.024154589371980676
97,0.028985507246376812
98,0.028985507246376812
99,0.028985507246376812
100,0.028985507246376812
