0,0.0
1,0.0
2,0.0
3,0.0
4,0.0
5,0.0
6,0.01932367149758454
7,0.01932367149758454
8,0.01932367149758454
9,0.01932367149758454
10,0.01932367149758454
11,0.01932367149758454
12,0.01932367149758454
13,0.01932367149758454
14,0.04830917874396135
15,0.06763285024154589
16,0.06763285024154589
17,0.09178743961352658
18,0.09178743961352658
19,0.12077294685990338
20,0.12077294685990338
21,0.12077294685990338
22,0.12077294685990338
23,0.12077294685990338
24,0.12077294685990338
25,0.12077294685990338
26,0.12077294685990338
27,0.12077294685990338
28,0.12077294685990338
29,0.12077294685990338
30,0.12077294685990338
31,0.12077294685990338
32,0.12077294685990338
33,0.12077294685990338
34,0.12077294685990338
35,0.12077294685990338
36,0.12077294685990338
37,0.12560386473429952
38,0.12560386473429952
39,0.12560386473429952
40,0.12560386473429952
41,0.12560386473429952
42,0.12560386473429952
43,0.12560386473429952
44,0.12560386473429952
45,0.12560386473429952
46,0.12560386473429952
47,0.12560386473429952
48,0.12560386473429952
49,0.12560386473429952
50,0.12560386473429952
51,0.12560386473429952
52,0.12560386473429952
53,0.12560386473429952
54,0.12560386473429952
55,0.12560386473429952
56,0.12560386473429952
57,0.12560386473429952
58,0.12560386473429952
59,0.12560386473429952
60,0.13043478260869565
61,0.13043478260869565
62,0.13043478260869565
63,0.13043478260869565
