0,0.028985507246376812
1,0.04830917874396135
2,0.06763285024154589
3,0.0821256038647343
4,0.0966183574879227
5,0.10144927536231885
6,0.1111111111111111
7,0.11594202898550725
8,0.11594202898550725
9,0.11594202898550725
10,0.11594202898550725
11,0.11594202898550725
12,0.11594202898550725
13,0.11594202898550725
14,0.11594202898550725
15,0.11594202898550725
16,0.11594202898550725
17,0.11594202898550725
18,0.11594202898550725
19,0.11594202898550725
20,0.11594202898550725
21,0.11594202898550725
22,0.11594202898550725
23,0.11594202898550725
24,0.11594202898550725
25,0.11594202898550725
26,0.11594202898550725
27,0.11594202898550725
28,0.11594202898550725
29,0.11594202898550725
30,0.11594202898550725
31,0.11594202898550725
32,0.11594202898550725
33,0.11594202898550725
34,0.11594202898550725
35,0.11594202898550725
36,0.11594202898550725
37,0.11594202898550725
38,0.11594202898550725
39,0.11594202898550725
40,0.11594202898550725
41,0.11594202898550725
42,0.11594202898550725
43,0.11594202898550725
44,0.11594202898550725
45,0.11594202898550725
46,0.11594202898550725
47,0.11594202898550725
48,0.12077294685990338
49,0.12077294685990338
50,0.12077294685990338
51,0.15458937198067632
52,0.15942028985507245
53,0.16908212560386474
54,0.17391304347826086
55,0.17391304347826086
56,0.178743961352657
57,0.178743961352657
