0,0.014492753623188406
1,0.014492753623188406
2,0.05314009661835749
3,0.057971014492753624
4,0.057971014492753624
5,0.06280193236714976
6,0.13526570048309178
7,0.13526570048309178
8,0.13526570048309178
9,0.13526570048309178
10,0.13526570048309178
11,0.13526570048309178
12,0.13526570048309178
13,0.13526570048309178
14,0.13526570048309178
15,0.13526570048309178
16,0.13526570048309178
17,0.178743961352657
18,0.178743961352657
19,0.178743961352657
20,0.178743961352657
21,0.178743961352657
22,0.178743961352657
23,0.178743961352657
24,0.178743961352657
25,0.178743961352657
26,0.178743961352657
27,0.178743961352657
28,0.178743961352657
29,0.178743961352657
30,0.178743961352657
31,0.178743961352657
32,0.178743961352657
33,0.178743961352657
34,0.178743961352657
35,0.178743961352657
36,0.178743961352657
37,0.2028985507246377
38,0.2028985507246377
39,0.2028985507246377
40,0.2028985507246377
41,0.2028985507246377
42,0.2028985507246377
43,0.2028985507246377
