0,0.0
1,0.0
2,0.0
3,0.0
4,0.0
5,0.0
6,0.0
7,0.0
8,0.0
9,0.0
10,0.0
11,0.0
12,0.0
13,0.00966183574879227
14,0.00966183574879227
15,0.00966183574879227
16,0.00966183574879227
17,0.00966183574879227
18,0.00966183574879227
19,0.00966183574879227
20,0.00966183574879227
21,0.00966183574879227
22,0.00966183574879227
23,0.00966183574879227
24,0.00966183574879227
25,0.00966183574879227
26,0.00966183574879227
27,0.00966183574879227
28,0.00966183574879227
29,0.00966183574879227
30,0.00966183574879227
31,0.00966183574879227
32,0.00966183574879227
33,0.00966183574879227
34,0.00966183574879227
35,0.00966183574879227
36,0.00966183574879227
37,0.00966183574879227
38,0.00966183574879227
39,0.00966183574879227
40,0.00966183574879227
41,0.00966183574879227
42,0.00966183574879227
43,0.00966183574879227
44,0.00966183574879227
45,0.00966183574879227
46,0.00966183574879227
47,0.00966183574879227
48,0.00966183574879227
49,0.00966183574879227
50,0.00966183574879227
51,0.00966183574879227
52,0.00966183574879227
53,0.028985507246376812
54,0.028985507246376812
55,0.03864734299516908
56,0.03864734299516908
57,0.06763285024154589
58,0.08695652173913043
59,0.08695652173913043
60,0.09178743961352658
61,0.0966183574879227
62,0.0966183574879227
63,0.0966183574879227
64,0.10144927536231885
65,0.10144927536231885
66,0.10144927536231885
67,0.10144927536231885
68,0.11594202898550725
69,0.11594202898550725
70,0.11594202898550725
71,0.11594202898550725
72,0.1932367149758454
73,0.22705314009661837
74,0.22705314009661837
75,0.2318840579710145
76,0.2318840579710145
77,0.2463768115942029
78,0.2463768115942029
79,0.2463768115942029
80,0.2463768115942029
81,0.27053140096618356
82,0.27053140096618356
83,0.27053140096618356
84,0.27053140096618356
85,0.27053140096618356
86,0.27053140096618356
87,0.27053140096618356
88,0.27053140096618356
