0,0.014492753623188406
1,0.16908212560386474
2,0.18357487922705315
3,0.18357487922705315
4,0.19806763285024154
5,0.19806763285024154
6,0.20772946859903382
7,0.20772946859903382
8,0.23671497584541062
9,0.24154589371980675
10,0.24154589371980675
11,0.24154589371980675
12,0.24154589371980675
13,0.24154589371980675
14,0.25120772946859904
15,0.25120772946859904
16,0.2608695652173913
17,0.2608695652173913
18,0.27053140096618356
19,0.28019323671497587
20,0.28019323671497587
21,0.28019323671497587
22,0.28019323671497587
23,0.28502415458937197
24,0.28502415458937197
25,0.28502415458937197
26,0.28502415458937197
