0,0.0
1,0.0
2,0.0
3,0.0
4,0.0
5,0.0
6,0.0
7,0.0
8,0.0
9,0.0
10,0.0
11,0.0
12,0.0
13,0.0
14,0.0
15,0.0
16,0.0
17,0.0
18,0.0
19,0.0
20,0.0
21,0.0
22,0.0
23,0.0
24,0.0
25,0.0
26,0.0
27,0.0
28,0.0
29,0.0
30,0.0
31,0.0
32,0.0
33,0.01932367149758454
34,0.01932367149758454
35,0.01932367149758454
36,0.01932367149758454
37,0.01932367149758454
38,0.01932367149758454
39,0.01932367149758454
40,0.01932367149758454
41,0.01932367149758454
42,0.01932367149758454
43,0.01932367149758454
44,0.01932367149758454
45,0.01932367149758454
46,0.01932367149758454
47,0.01932367149758454
48,0.01932367149758454
49,0.01932367149758454
50,0.01932367149758454
51,0.01932367149758454
52,0.01932367149758454
53,0.01932367149758454
54,0.01932367149758454
55,0.01932367149758454
56,0.01932367149758454
57,0.01932367149758454
58,0.01932367149758454
59,0.01932367149758454
60,0.01932367149758454
61,0.01932367149758454
62,0.04830917874396135
63,0.04830917874396135
64,0.04830917874396135
65,0.04830917874396135
66,0.05314009661835749
67,0.05314009661835749
68,0.05314009661835749
69,0.05314009661835749
70,0.057971014492753624
71,0.057971014492753624
72,0.057971014492753624
73,0.057971014492753624
74,0.057971014492753624
75,0.06763285024154589
76,0.06763285024154589
77,0.06763285024154589
78,0.06763285024154589
79,0.06763285024154589
80,0.06763285024154589
81,0.06763285024154589
82,0.06763285024154589
83,0.07729468599033816
84,0.07729468599033816
85,0.07729468599033816
86,0.07729468599033816
87,0.07729468599033816
88,0.07729468599033816
89,0.07729468599033816
90,0.07729468599033816
91,0.07729468599033816
92,0.07729468599033816
93,0.07729468599033816
94,0.07729468599033816
95,0.07729468599033816
96,0.07729468599033816
97,0.07729468599033816
98,0.07729468599033816
99,0.07729468599033816
100,0.07729468599033816
