0,0.0
1,0.0
2,0.0
3,0.0
4,0.0
5,0.0
6,0.0
7,0.0
8,0.0
9,0.0
10,0.0
11,0.0
12,0.0
13,0.0
14,0.0
15,0.0
16,0.0
17,0.0
18,0.0
19,0.0
20,0.0
21,0.0
22,0.024154589371980676
23,0.024154589371980676
24,0.024154589371980676
25,0.024154589371980676
26,0.024154589371980676
27,0.024154589371980676
28,0.024154589371980676
29,0.024154589371980676
30,0.024154589371980676
31,0.024154589371980676
32,0.024154589371980676
33,0.024154589371980676
34,0.024154589371980676
35,0.024154589371980676
36,0.024154589371980676
37,0.024154589371980676
38,0.024154589371980676
39,0.024154589371980676
40,0.024154589371980676
41,0.024154589371980676
42,0.024154589371980676
43,0.024154589371980676
44,0.024154589371980676
45,0.024154589371980676
46,0.024154589371980676
47,0.024154589371980676
48,0.024154589371980676
49,0.024154589371980676
50,0.024154589371980676
51,0.024154589371980676
52,0.024154589371980676
53,0.024154589371980676
54,0.024154589371980676
55,0.024154589371980676
56,0.024154589371980676
57,0.024154589371980676
58,0.024154589371980676
59,0.024154589371980676
60,0.024154589371980676
61,0.024154589371980676
62,0.024154589371980676
63,0.024154589371980676
64,0.024154589371980676
65,0.024154589371980676
66,0.024154589371980676
67,0.024154589371980676
68,0.024154589371980676
69,0.024154589371980676
70,0.024154589371980676
71,0.024154589371980676
72,0.024154589371980676
73,0.024154589371980676
74,0.01932367149758454
75,0.01932367149758454
76,0.01932367149758454
77,0.01932367149758454
78,0.01932367149758454
79,0.01932367149758454
80,0.01932367149758454
81,0.01932367149758454
82,0.01932367149758454
83,0.01932367149758454
84,0.01932367149758454
85,0.01932367149758454
86,0.01932367149758454
87,0.01932367149758454
88,0.01932367149758454
89,0.01932367149758454
90,0.01932367149758454
91,0.01932367149758454
92,0.01932367149758454
93,0.01932367149758454
94,0.01932367149758454
95,0.01932367149758454
96,0.01932367149758454
97,0.01932367149758454
98,0.01932367149758454
99,0.01932367149758454
100,0.01932367149758454
