0,0.01932367149758454
1,0.01932367149758454
2,0.01932367149758454
3,0.03864734299516908
4,0.06280193236714976
5,0.06763285024154589
6,0.07246376811594203
7,0.07729468599033816
8,0.0821256038647343
9,0.0821256038647343
10,0.0821256038647343
11,0.0821256038647343
12,0.0821256038647343
13,0.0821256038647343
14,0.10144927536231885
15,0.10144927536231885
16,0.10144927536231885
17,0.10144927536231885
18,0.10144927536231885
19,0.10144927536231885
20,0.10144927536231885
21,0.10144927536231885
22,0.10144927536231885
23,0.10144927536231885
24,0.10144927536231885
25,0.10144927536231885
26,0.10144927536231885
27,0.10144927536231885
28,0.10144927536231885
29,0.10144927536231885
30,0.10144927536231885
31,0.10144927536231885
32,0.10144927536231885
33,0.10144927536231885
34,0.10144927536231885
35,0.10144927536231885
36,0.10144927536231885
37,0.10144927536231885
38,0.10144927536231885
39,0.10144927536231885
40,0.10144927536231885
41,0.10144927536231885
42,0.10144927536231885
43,0.10144927536231885
44,0.10144927536231885
45,0.1111111111111111
46,0.11594202898550725
47,0.11594202898550725
48,0.11594202898550725
49,0.11594202898550725
50,0.11594202898550725
51,0.11594202898550725
52,0.12077294685990338
53,0.12077294685990338
54,0.12077294685990338
55,0.12077294685990338
56,0.12077294685990338
57,0.12077294685990338
58,0.12077294685990338
59,0.12077294685990338
60,0.12077294685990338
61,0.12077294685990338
62,0.12077294685990338
63,0.12077294685990338
64,0.12077294685990338
65,0.12077294685990338
66,0.12077294685990338
67,0.12077294685990338
68,0.12077294685990338
69,0.12077294685990338
70,0.12077294685990338
71,0.12077294685990338
72,0.12077294685990338
73,0.12077294685990338
74,0.12077294685990338
75,0.12077294685990338
76,0.12077294685990338
77,0.12077294685990338
78,0.12077294685990338
79,0.12077294685990338
80,0.12077294685990338
81,0.12077294685990338
82,0.12077294685990338
83,0.12077294685990338
84,0.12077294685990338
85,0.12077294685990338
86,0.12077294685990338
87,0.12077294685990338
88,0.12077294685990338
89,0.12077294685990338
90,0.12077294685990338
91,0.12077294685990338
92,0.12077294685990338
93,0.12077294685990338
94,0.12077294685990338
95,0.12077294685990338
96,0.12077294685990338
97,0.12077294685990338
98,0.12077294685990338
99,0.12077294685990338
100,0.12077294685990338
