0,0.01932367149758454
1,0.01932367149758454
2,0.01932367149758454
3,0.033816425120772944
4,0.033816425120772944
5,0.033816425120772944
6,0.033816425120772944
7,0.03864734299516908
8,0.06763285024154589
9,0.06763285024154589
10,0.06763285024154589
11,0.06763285024154589
12,0.06763285024154589
13,0.06763285024154589
14,0.07246376811594203
15,0.07246376811594203
16,0.07246376811594203
17,0.07246376811594203
18,0.07246376811594203
19,0.0821256038647343
20,0.0821256038647343
21,0.0966183574879227
22,0.0966183574879227
23,0.0966183574879227
24,0.0966183574879227
25,0.0966183574879227
26,0.0966183574879227
27,0.0966183574879227
28,0.0966183574879227
29,0.0966183574879227
30,0.0966183574879227
31,0.10144927536231885
32,0.11594202898550725
33,0.11594202898550725
34,0.11594202898550725
35,0.11594202898550725
36,0.11594202898550725
37,0.11594202898550725
38,0.11594202898550725
39,0.11594202898550725
40,0.11594202898550725
41,0.11594202898550725
42,0.11594202898550725
43,0.11594202898550725
44,0.11594202898550725
45,0.13043478260869565
46,0.13043478260869565
47,0.13043478260869565
48,0.13043478260869565
49,0.13043478260869565
50,0.13043478260869565
51,0.13043478260869565
52,0.13043478260869565
53,0.13043478260869565
54,0.13043478260869565
55,0.13043478260869565
