0,0.01932367149758454
1,0.03864734299516908
2,0.03864734299516908
3,0.06280193236714976
4,0.08695652173913043
5,0.09178743961352658
6,0.1111111111111111
7,0.1111111111111111
8,0.1111111111111111
9,0.1111111111111111
10,0.1111111111111111
11,0.12077294685990338
12,0.12560386473429952
13,0.12560386473429952
14,0.12560386473429952
15,0.12560386473429952
16,0.12560386473429952
17,0.12560386473429952
18,0.13043478260869565
19,0.13526570048309178
20,0.13526570048309178
21,0.13526570048309178
22,0.13526570048309178
23,0.13526570048309178
24,0.13526570048309178
25,0.13526570048309178
26,0.13526570048309178
27,0.13526570048309178
28,0.13526570048309178
29,0.13526570048309178
30,0.13526570048309178
31,0.13526570048309178
32,0.13526570048309178
33,0.13526570048309178
34,0.13526570048309178
35,0.13526570048309178
36,0.13526570048309178
37,0.13526570048309178
38,0.13526570048309178
39,0.13526570048309178
40,0.13526570048309178
41,0.13526570048309178
42,0.13526570048309178
43,0.13526570048309178
44,0.13526570048309178
45,0.13526570048309178
46,0.13526570048309178
47,0.13526570048309178
48,0.13526570048309178
49,0.13526570048309178
50,0.13526570048309178
51,0.13526570048309178
52,0.13526570048309178
53,0.13526570048309178
54,0.13526570048309178
55,0.13526570048309178
56,0.13526570048309178
57,0.13526570048309178
58,0.13526570048309178
59,0.13526570048309178
60,0.13526570048309178
61,0.13526570048309178
62,0.14009661835748793
63,0.14009661835748793
64,0.14009661835748793
65,0.14009661835748793
66,0.14009661835748793
67,0.14009661835748793
68,0.14009661835748793
69,0.14009661835748793
70,0.14009661835748793
71,0.14009661835748793
72,0.14009661835748793
73,0.14009661835748793
74,0.14009661835748793
75,0.14009661835748793
76,0.14009661835748793
77,0.15458937198067632
78,0.15458937198067632
79,0.15458937198067632
80,0.15458937198067632
81,0.15458937198067632
82,0.15458937198067632
83,0.15458937198067632
84,0.15458937198067632
85,0.15458937198067632
86,0.15458937198067632
87,0.15458937198067632
88,0.15458937198067632
89,0.15458937198067632
90,0.15458937198067632
91,0.15458937198067632
92,0.15458937198067632
93,0.15458937198067632
94,0.15458937198067632
95,0.15458937198067632
96,0.15458937198067632
97,0.15458937198067632
98,0.15458937198067632
99,0.15458937198067632
