0,0.057971014492753624
1,0.057971014492753624
2,0.07246376811594203
3,0.07729468599033816
4,0.10628019323671498
5,0.12077294685990338
6,0.16908212560386474
7,0.16908212560386474
8,0.16908212560386474
9,0.16908212560386474
10,0.16908212560386474
11,0.16908212560386474
12,0.16908212560386474
13,0.16908212560386474
14,0.16908212560386474
15,0.16908212560386474
16,0.16908212560386474
17,0.16908212560386474
18,0.16908212560386474
19,0.16908212560386474
20,0.16908212560386474
21,0.16908212560386474
22,0.16908212560386474
23,0.16908212560386474
24,0.16908212560386474
25,0.16908212560386474
26,0.16908212560386474
27,0.18840579710144928
28,0.18840579710144928
29,0.18840579710144928
30,0.18840579710144928
31,0.18840579710144928
32,0.18840579710144928
33,0.18840579710144928
34,0.18840579710144928
35,0.18840579710144928
36,0.18840579710144928
37,0.18840579710144928
38,0.18840579710144928
39,0.18840579710144928
40,0.18840579710144928
41,0.18840579710144928
42,0.18840579710144928
43,0.18840579710144928
44,0.18840579710144928
45,0.18840579710144928
46,0.18840579710144928
47,0.18840579710144928
48,0.18840579710144928
49,0.18840579710144928
50,0.18840579710144928
51,0.18840579710144928
52,0.18840579710144928
53,0.18840579710144928
54,0.18840579710144928
55,0.18840579710144928
56,0.18840579710144928
57,0.18840579710144928
58,0.18840579710144928
59,0.18840579710144928
60,0.18840579710144928
61,0.18840579710144928
62,0.18840579710144928
63,0.18840579710144928
64,0.18840579710144928
65,0.18840579710144928
66,0.18840579710144928
67,0.18840579710144928
68,0.18840579710144928
69,0.18840579710144928
70,0.18840579710144928
71,0.18840579710144928
72,0.18840579710144928
73,0.18840579710144928
74,0.18840579710144928
75,0.18840579710144928
76,0.18840579710144928
77,0.18840579710144928
78,0.18840579710144928
79,0.18840579710144928
80,0.18840579710144928
81,0.18840579710144928
82,0.18840579710144928
83,0.18840579710144928
84,0.18840579710144928
85,0.18840579710144928
86,0.18840579710144928
87,0.18840579710144928
88,0.18840579710144928
89,0.18840579710144928
90,0.18840579710144928
91,0.18840579710144928
92,0.18840579710144928
93,0.18840579710144928
94,0.18840579710144928
95,0.18840579710144928
96,0.18840579710144928
97,0.18840579710144928
98,0.18840579710144928
99,0.18840579710144928
100,0.18840579710144928
