0,0.0
1,0.0
2,0.0
3,0.0
4,0.0
5,0.024154589371980676
6,0.024154589371980676
7,0.024154589371980676
8,0.024154589371980676
9,0.024154589371980676
10,0.024154589371980676
11,0.024154589371980676
12,0.024154589371980676
13,0.024154589371980676
14,0.024154589371980676
15,0.024154589371980676
16,0.024154589371980676
17,0.024154589371980676
18,0.024154589371980676
19,0.024154589371980676
20,0.024154589371980676
21,0.024154589371980676
22,0.024154589371980676
23,0.024154589371980676
24,0.024154589371980676
25,0.024154589371980676
26,0.024154589371980676
27,0.024154589371980676
28,0.024154589371980676
29,0.024154589371980676
30,0.024154589371980676
31,0.024154589371980676
32,0.024154589371980676
33,0.024154589371980676
34,0.024154589371980676
35,0.024154589371980676
36,0.024154589371980676
37,0.024154589371980676
38,0.024154589371980676
39,0.024154589371980676
40,0.024154589371980676
41,0.024154589371980676
42,0.024154589371980676
43,0.024154589371980676
44,0.024154589371980676
45,0.024154589371980676
46,0.024154589371980676
47,0.024154589371980676
48,0.03864734299516908
49,0.03864734299516908
50,0.043478260869565216
51,0.043478260869565216
52,0.043478260869565216
53,0.04830917874396135
54,0.057971014492753624
55,0.07246376811594203
56,0.0821256038647343
57,0.0821256038647343
58,0.0821256038647343
59,0.0821256038647343
60,0.0821256038647343
61,0.0821256038647343
62,0.0821256038647343
63,0.0821256038647343
64,0.0821256038647343
65,0.08695652173913043
66,0.08695652173913043
67,0.08695652173913043
68,0.08695652173913043
69,0.08695652173913043
70,0.08695652173913043
71,0.08695652173913043
72,0.08695652173913043
73,0.08695652173913043
74,0.08695652173913043
75,0.08695652173913043
76,0.08695652173913043
77,0.08695652173913043
78,0.08695652173913043
79,0.08695652173913043
80,0.08695652173913043
81,0.08695652173913043
82,0.08695652173913043
83,0.08695652173913043
84,0.08695652173913043
85,0.08695652173913043
86,0.08695652173913043
87,0.08695652173913043
88,0.08695652173913043
89,0.08695652173913043
90,0.08695652173913043
91,0.08695652173913043
92,0.08695652173913043
93,0.08695652173913043
94,0.08695652173913043
95,0.09178743961352658
96,0.09178743961352658
97,0.09178743961352658
98,0.09178743961352658
99,0.09178743961352658
100,0.09178743961352658
