0,0.0
1,0.0
2,0.0
3,0.0
4,0.0
5,0.0
6,0.0
7,0.0
8,0.0
9,0.0
10,0.0
11,0.0
12,0.0
13,0.0
14,0.0
15,0.0
16,0.0
17,0.0
18,0.0
19,0.0
20,0.0
21,0.0
22,0.0
23,0.0
24,0.01932367149758454
25,0.024154589371980676
26,0.057971014492753624
27,0.057971014492753624
28,0.057971014492753624
29,0.06763285024154589
30,0.06763285024154589
31,0.06763285024154589
32,0.06763285024154589
33,0.06763285024154589
34,0.06763285024154589
35,0.06763285024154589
36,0.06763285024154589
37,0.06763285024154589
38,0.06763285024154589
39,0.06763285024154589
40,0.06763285024154589
41,0.06763285024154589
42,0.07729468599033816
43,0.0821256038647343
44,0.0821256038647343
45,0.0821256038647343
46,0.0821256038647343
47,0.0821256038647343
48,0.0821256038647343
49,0.0821256038647343
50,0.0821256038647343
51,0.0821256038647343
52,0.10628019323671498
53,0.12077294685990338
54,0.12077294685990338
55,0.12077294685990338
56,0.12077294685990338
57,0.12077294685990338
58,0.12077294685990338
59,0.12077294685990338
60,0.12077294685990338
61,0.12077294685990338
62,0.12077294685990338
63,0.12077294685990338
64,0.12077294685990338
65,0.12077294685990338
66,0.12077294685990338
67,0.12077294685990338
68,0.12077294685990338
69,0.12077294685990338
70,0.12077294685990338
71,0.12077294685990338
72,0.12077294685990338
73,0.12077294685990338
74,0.12077294685990338
75,0.12077294685990338
76,0.12077294685990338
77,0.12077294685990338
78,0.12077294685990338
79,0.12077294685990338
80,0.12077294685990338
81,0.12077294685990338
82,0.12077294685990338
83,0.12077294685990338
84,0.12077294685990338
85,0.12077294685990338
86,0.12077294685990338
87,0.12077294685990338
88,0.12077294685990338
89,0.12077294685990338
90,0.12077294685990338
91,0.12077294685990338
92,0.12077294685990338
93,0.12077294685990338
94,0.12077294685990338
95,0.12077294685990338
96,0.12077294685990338
97,0.12077294685990338
98,0.12077294685990338
99,0.12077294685990338
100,0.12077294685990338
