0,0.0
1,0.0
2,0.0
3,0.0
4,0.0
5,0.0
6,0.0
7,0.0
8,0.0
9,0.0
10,0.0
11,0.0
12,0.0
13,0.0
14,0.0
15,0.0
16,0.0
17,0.0
18,0.0
19,0.0
20,0.0
21,0.0
22,0.0
23,0.0
24,0.0
25,0.01932367149758454
26,0.01932367149758454
27,0.01932367149758454
28,0.01932367149758454
29,0.01932367149758454
30,0.01932367149758454
31,0.01932367149758454
32,0.01932367149758454
33,0.01932367149758454
34,0.01932367149758454
35,0.01932367149758454
36,0.01932367149758454
37,0.01932367149758454
38,0.01932367149758454
39,0.01932367149758454
40,0.01932367149758454
41,0.03864734299516908
42,0.03864734299516908
43,0.03864734299516908
44,0.03864734299516908
45,0.03864734299516908
46,0.03864734299516908
47,0.05314009661835749
48,0.05314009661835749
49,0.06763285024154589
50,0.07246376811594203
51,0.09178743961352658
52,0.09178743961352658
53,0.09178743961352658
54,0.0966183574879227
55,0.0966183574879227
56,0.0966183574879227
57,0.0966183574879227
58,0.0966183574879227
59,0.0966183574879227
60,0.0966183574879227
61,0.10144927536231885
62,0.10144927536231885
63,0.10628019323671498
64,0.10628019323671498
65,0.10628019323671498
