0,0.00966183574879227
1,0.00966183574879227
2,0.00966183574879227
3,0.014492753623188406
4,0.014492753623188406
5,0.014492753623188406
6,0.014492753623188406
7,0.014492753623188406
8,0.014492753623188406
9,0.01932367149758454
10,0.01932367149758454
11,0.01932367149758454
12,0.01932367149758454
13,0.01932367149758454
14,0.024154589371980676
15,0.024154589371980676
16,0.024154589371980676
17,0.024154589371980676
18,0.024154589371980676
19,0.024154589371980676
20,0.033816425120772944
21,0.033816425120772944
22,0.033816425120772944
23,0.033816425120772944
24,0.033816425120772944
25,0.033816425120772944
26,0.033816425120772944
27,0.033816425120772944
28,0.033816425120772944
29,0.033816425120772944
30,0.033816425120772944
31,0.033816425120772944
32,0.033816425120772944
33,0.03864734299516908
34,0.03864734299516908
35,0.03864734299516908
36,0.03864734299516908
