0,0.0
1,0.0
2,0.0
3,0.00966183574879227
4,0.00966183574879227
5,0.00966183574879227
6,0.00966183574879227
7,0.01932367149758454
8,0.024154589371980676
9,0.028985507246376812
10,0.03864734299516908
11,0.03864734299516908
12,0.06280193236714976
13,0.06280193236714976
14,0.06280193236714976
15,0.06280193236714976
16,0.06280193236714976
17,0.06763285024154589
18,0.06763285024154589
19,0.06763285024154589
20,0.06763285024154589
21,0.07246376811594203
22,0.07246376811594203
23,0.07246376811594203
24,0.07246376811594203
25,0.09178743961352658
26,0.09178743961352658
27,0.09178743961352658
28,0.11594202898550725
29,0.11594202898550725
30,0.11594202898550725
31,0.11594202898550725
32,0.11594202898550725
33,0.11594202898550725
34,0.11594202898550725
35,0.11594202898550725
36,0.11594202898550725
