0,0.0
1,0.0
2,0.0
3,0.0
4,0.0
5,0.0
6,0.0
7,0.0
8,0.0
9,0.0
10,0.014492753623188406
11,0.014492753623188406
12,0.03864734299516908
13,0.03864734299516908
14,0.03864734299516908
15,0.05314009661835749
16,0.06763285024154589
17,0.08695652173913043
18,0.08695652173913043
19,0.10628019323671498
20,0.11594202898550725
21,0.11594202898550725
22,0.12560386473429952
23,0.12560386473429952
24,0.12560386473429952
25,0.12560386473429952
26,0.14009661835748793
27,0.14009661835748793
28,0.14492753623188406
29,0.14492753623188406
30,0.14492753623188406
