0,0.033816425120772944
1,0.033816425120772944
2,0.033816425120772944
3,0.033816425120772944
4,0.033816425120772944
5,0.033816425120772944
6,0.033816425120772944
7,0.033816425120772944
8,0.033816425120772944
9,0.033816425120772944
10,0.033816425120772944
11,0.033816425120772944
12,0.033816425120772944
13,0.033816425120772944
14,0.033816425120772944
15,0.033816425120772944
16,0.033816425120772944
17,0.033816425120772944
18,0.033816425120772944
19,0.033816425120772944
20,0.033816425120772944
21,0.033816425120772944
22,0.033816425120772944
23,0.033816425120772944
24,0.033816425120772944
25,0.033816425120772944
26,0.033816425120772944
27,0.033816425120772944
28,0.033816425120772944
29,0.033816425120772944
30,0.033816425120772944
31,0.033816425120772944
32,0.033816425120772944
33,0.033816425120772944
34,0.033816425120772944
35,0.033816425120772944
36,0.033816425120772944
37,0.033816425120772944
38,0.033816425120772944
39,0.033816425120772944
40,0.033816425120772944
41,0.033816425120772944
42,0.033816425120772944
43,0.033816425120772944
44,0.033816425120772944
45,0.033816425120772944
46,0.033816425120772944
47,0.033816425120772944
48,0.033816425120772944
49,0.033816425120772944
50,0.033816425120772944
51,0.033816425120772944
52,0.033816425120772944
53,0.033816425120772944
54,0.033816425120772944
55,0.033816425120772944
56,0.033816425120772944
57,0.033816425120772944
58,0.033816425120772944
59,0.033816425120772944
60,0.033816425120772944
61,0.033816425120772944
62,0.033816425120772944
63,0.033816425120772944
64,0.033816425120772944
65,0.033816425120772944
66,0.033816425120772944
67,0.033816425120772944
68,0.033816425120772944
69,0.033816425120772944
70,0.033816425120772944
71,0.033816425120772944
72,0.033816425120772944
73,0.033816425120772944
74,0.033816425120772944
75,0.033816425120772944
76,0.033816425120772944
77,0.033816425120772944
78,0.033816425120772944
79,0.033816425120772944
80,0.033816425120772944
81,0.033816425120772944
82,0.033816425120772944
83,0.033816425120772944
84,0.033816425120772944
85,0.033816425120772944
86,0.033816425120772944
87,0.033816425120772944
88,0.033816425120772944
89,0.033816425120772944
90,0.033816425120772944
91,0.033816425120772944
92,0.033816425120772944
93,0.033816425120772944
94,0.033816425120772944
95,0.033816425120772944
96,0.033816425120772944
97,0.033816425120772944
98,0.033816425120772944
99,0.033816425120772944
100,0.033816425120772944
