0,0.024154589371980676
1,0.03864734299516908
2,0.03864734299516908
3,0.05314009661835749
4,0.05314009661835749
5,0.05314009661835749
6,0.05314009661835749
7,0.05314009661835749
8,0.0821256038647343
9,0.1111111111111111
10,0.1111111111111111
11,0.1111111111111111
12,0.1111111111111111
13,0.1111111111111111
14,0.1111111111111111
15,0.1111111111111111
16,0.1111111111111111
17,0.1111111111111111
18,0.1111111111111111
19,0.1111111111111111
20,0.11594202898550725
21,0.13526570048309178
22,0.13526570048309178
23,0.13526570048309178
24,0.13526570048309178
25,0.13526570048309178
26,0.13526570048309178
27,0.13526570048309178
28,0.13526570048309178
29,0.13526570048309178
30,0.13526570048309178
31,0.13526570048309178
32,0.13526570048309178
33,0.13526570048309178
34,0.13526570048309178
35,0.13526570048309178
36,0.13526570048309178
37,0.13526570048309178
38,0.13526570048309178
39,0.13526570048309178
40,0.13526570048309178
41,0.13526570048309178
42,0.13526570048309178
43,0.13526570048309178
44,0.13526570048309178
