0,0.028985507246376812
1,0.043478260869565216
2,0.057971014492753624
3,0.07246376811594203
4,0.07246376811594203
5,0.09178743961352658
6,0.09178743961352658
7,0.09178743961352658
8,0.09178743961352658
9,0.10628019323671498
10,0.10628019323671498
11,0.12077294685990338
12,0.12077294685990338
13,0.12077294685990338
14,0.12077294685990338
15,0.12077294685990338
16,0.12077294685990338
17,0.12077294685990338
18,0.12077294685990338
19,0.12077294685990338
20,0.12077294685990338
21,0.12077294685990338
22,0.12077294685990338
23,0.12077294685990338
24,0.12077294685990338
25,0.12077294685990338
26,0.12077294685990338
27,0.12077294685990338
28,0.12077294685990338
29,0.12077294685990338
30,0.12077294685990338
31,0.12077294685990338
32,0.12077294685990338
33,0.12077294685990338
34,0.12077294685990338
35,0.12077294685990338
36,0.12077294685990338
37,0.12077294685990338
38,0.12077294685990338
39,0.12077294685990338
40,0.12077294685990338
41,0.12077294685990338
42,0.12077294685990338
43,0.12077294685990338
44,0.12077294685990338
45,0.12077294685990338
46,0.12077294685990338
47,0.12077294685990338
48,0.12077294685990338
49,0.12077294685990338
50,0.12077294685990338
51,0.12077294685990338
52,0.12077294685990338
53,0.12077294685990338
54,0.12077294685990338
55,0.12077294685990338
56,0.12077294685990338
57,0.12077294685990338
58,0.12077294685990338
59,0.12077294685990338
60,0.12077294685990338
61,0.12077294685990338
62,0.12077294685990338
63,0.12077294685990338
64,0.12077294685990338
65,0.12077294685990338
66,0.12077294685990338
67,0.12077294685990338
68,0.12077294685990338
69,0.12077294685990338
70,0.12077294685990338
71,0.12077294685990338
72,0.12077294685990338
73,0.12077294685990338
74,0.12077294685990338
75,0.12077294685990338
76,0.12077294685990338
77,0.12077294685990338
78,0.12077294685990338
79,0.12077294685990338
80,0.12077294685990338
81,0.12077294685990338
82,0.12077294685990338
83,0.12077294685990338
84,0.14009661835748793
85,0.14492753623188406
86,0.14492753623188406
87,0.14492753623188406
88,0.14492753623188406
89,0.14492753623188406
90,0.14492753623188406
91,0.14492753623188406
92,0.14492753623188406
