0,0.0821256038647343
1,0.10144927536231885
2,0.15458937198067632
3,0.1642512077294686
4,0.18357487922705315
5,0.18357487922705315
6,0.21256038647342995
7,0.21256038647342995
8,0.21256038647342995
9,0.21256038647342995
10,0.21256038647342995
11,0.21256038647342995
12,0.21256038647342995
13,0.21256038647342995
14,0.21256038647342995
15,0.21256038647342995
16,0.21256038647342995
17,0.21256038647342995
18,0.21256038647342995
19,0.21256038647342995
20,0.21256038647342995
21,0.21256038647342995
22,0.21256038647342995
23,0.21256038647342995
24,0.21256038647342995
25,0.21256038647342995
26,0.21256038647342995
27,0.21256038647342995
28,0.21256038647342995
29,0.21256038647342995
30,0.21256038647342995
31,0.21256038647342995
32,0.21256038647342995
33,0.21256038647342995
34,0.2463768115942029
35,0.2463768115942029
36,0.2463768115942029
37,0.2463768115942029
38,0.2463768115942029
39,0.2463768115942029
40,0.2463768115942029
41,0.2463768115942029
42,0.2463768115942029
43,0.2463768115942029
44,0.2463768115942029
45,0.2463768115942029
46,0.2463768115942029
47,0.2463768115942029
48,0.2463768115942029
49,0.2463768115942029
50,0.2463768115942029
51,0.2463768115942029
52,0.2463768115942029
53,0.2463768115942029
54,0.2463768115942029
55,0.2463768115942029
56,0.2463768115942029
57,0.2463768115942029
58,0.2463768115942029
59,0.2463768115942029
60,0.2463768115942029
61,0.2463768115942029
62,0.2463768115942029
