0,0.0
1,0.0
2,0.0
3,0.0
4,0.0
5,0.0
6,0.0
7,0.0
8,0.0
9,0.0
10,0.0
11,0.0
12,0.0
13,0.0
14,0.0
15,0.0
16,0.0
17,0.0
18,0.0
19,0.0
20,0.01932367149758454
21,0.01932367149758454
22,0.01932367149758454
23,0.01932367149758454
24,0.01932367149758454
25,0.01932367149758454
26,0.01932367149758454
27,0.01932367149758454
28,0.01932367149758454
29,0.01932367149758454
30,0.01932367149758454
31,0.01932367149758454
32,0.01932367149758454
33,0.01932367149758454
34,0.01932367149758454
35,0.01932367149758454
36,0.01932367149758454
37,0.028985507246376812
38,0.028985507246376812
39,0.028985507246376812
40,0.05314009661835749
41,0.0821256038647343
42,0.1111111111111111
43,0.11594202898550725
44,0.13526570048309178
45,0.13526570048309178
46,0.13526570048309178
47,0.13526570048309178
48,0.13526570048309178
49,0.17391304347826086
50,0.178743961352657
51,0.178743961352657
52,0.178743961352657
53,0.178743961352657
54,0.178743961352657
55,0.178743961352657
56,0.18357487922705315
57,0.18357487922705315
58,0.1932367149758454
59,0.1932367149758454
60,0.1932367149758454
61,0.1932367149758454
62,0.1932367149758454
63,0.1932367149758454
64,0.19806763285024154
65,0.19806763285024154
66,0.2028985507246377
67,0.2028985507246377
68,0.21256038647342995
69,0.21256038647342995
70,0.21256038647342995
71,0.21256038647342995
72,0.21739130434782608
73,0.21739130434782608
74,0.21739130434782608
75,0.21739130434782608
76,0.21739130434782608
77,0.21739130434782608
78,0.21739130434782608
79,0.2222222222222222
80,0.2222222222222222
81,0.2222222222222222
82,0.2222222222222222
83,0.2318840579710145
84,0.2318840579710145
85,0.2318840579710145
86,0.2318840579710145
87,0.2318840579710145
88,0.2318840579710145
89,0.2318840579710145
