0,0.0
1,0.0
2,0.0
3,0.014492753623188406
4,0.014492753623188406
5,0.014492753623188406
6,0.05314009661835749
7,0.05314009661835749
8,0.05314009661835749
9,0.10628019323671498
10,0.1111111111111111
11,0.1111111111111111
12,0.1111111111111111
13,0.14009661835748793
14,0.14009661835748793
15,0.14009661835748793
16,0.14009661835748793
17,0.14009661835748793
18,0.14009661835748793
19,0.14009661835748793
20,0.14009661835748793
21,0.14009661835748793
22,0.14009661835748793
23,0.14492753623188406
24,0.1497584541062802
25,0.1497584541062802
26,0.1497584541062802
27,0.1497584541062802
28,0.1497584541062802
29,0.1497584541062802
30,0.1497584541062802
31,0.1497584541062802
32,0.1497584541062802
33,0.1497584541062802
34,0.1497584541062802
35,0.1497584541062802
36,0.1497584541062802
37,0.1497584541062802
38,0.15458937198067632
39,0.15458937198067632
40,0.15942028985507245
41,0.16908212560386474
42,0.16908212560386474
43,0.16908212560386474
44,0.16908212560386474
45,0.16908212560386474
46,0.16908212560386474
47,0.16908212560386474
48,0.17391304347826086
49,0.17391304347826086
50,0.17391304347826086
51,0.17391304347826086
52,0.178743961352657
53,0.18357487922705315
