0,0.014492753623188406
1,0.014492753623188406
2,0.014492753623188406
3,0.03864734299516908
4,0.04830917874396135
5,0.05314009661835749
6,0.05314009661835749
7,0.05314009661835749
8,0.05314009661835749
9,0.05314009661835749
10,0.05314009661835749
11,0.05314009661835749
12,0.05314009661835749
13,0.05314009661835749
14,0.05314009661835749
15,0.05314009661835749
16,0.05314009661835749
17,0.05314009661835749
18,0.05314009661835749
19,0.12077294685990338
20,0.12077294685990338
21,0.12077294685990338
22,0.12077294685990338
23,0.12077294685990338
24,0.12077294685990338
25,0.12077294685990338
26,0.12077294685990338
27,0.12077294685990338
28,0.12077294685990338
29,0.12077294685990338
30,0.12077294685990338
31,0.12077294685990338
32,0.12077294685990338
33,0.12077294685990338
34,0.12077294685990338
35,0.12077294685990338
36,0.12077294685990338
37,0.12077294685990338
38,0.12077294685990338
39,0.12077294685990338
40,0.12077294685990338
41,0.12077294685990338
42,0.12077294685990338
43,0.12077294685990338
44,0.12077294685990338
45,0.12077294685990338
46,0.12077294685990338
47,0.12077294685990338
48,0.12077294685990338
49,0.12077294685990338
50,0.12077294685990338
51,0.12077294685990338
52,0.12077294685990338
53,0.12077294685990338
54,0.12077294685990338
55,0.12077294685990338
56,0.12077294685990338
57,0.12077294685990338
58,0.12077294685990338
59,0.12077294685990338
60,0.12077294685990338
61,0.12077294685990338
62,0.12077294685990338
63,0.12077294685990338
64,0.12077294685990338
65,0.12077294685990338
66,0.12077294685990338
67,0.12077294685990338
68,0.12077294685990338
69,0.12077294685990338
70,0.12077294685990338
71,0.12077294685990338
72,0.12077294685990338
73,0.12077294685990338
74,0.12077294685990338
75,0.12077294685990338
76,0.12077294685990338
77,0.12077294685990338
78,0.12077294685990338
79,0.12077294685990338
80,0.12077294685990338
81,0.12077294685990338
82,0.12077294685990338
83,0.12077294685990338
84,0.12077294685990338
85,0.12077294685990338
86,0.12077294685990338
87,0.12077294685990338
88,0.12077294685990338
89,0.12077294685990338
90,0.12077294685990338
91,0.12077294685990338
92,0.12077294685990338
93,0.12077294685990338
94,0.12077294685990338
95,0.12077294685990338
96,0.12077294685990338
97,0.12077294685990338
98,0.12077294685990338
99,0.12077294685990338
100,0.12077294685990338
