0,0.08695652173913043
1,0.0966183574879227
2,0.0966183574879227
3,0.18357487922705315
4,0.18840579710144928
5,0.19806763285024154
6,0.28019323671497587
7,0.28019323671497587
8,0.28019323671497587
9,0.28019323671497587
10,0.28019323671497587
11,0.28019323671497587
12,0.28019323671497587
13,0.28019323671497587
14,0.28019323671497587
15,0.28019323671497587
16,0.28019323671497587
17,0.28019323671497587
18,0.28019323671497587
19,0.28019323671497587
20,0.28019323671497587
21,0.28019323671497587
22,0.28019323671497587
23,0.28019323671497587
24,0.28019323671497587
25,0.28019323671497587
26,0.28019323671497587
27,0.28019323671497587
28,0.28019323671497587
29,0.28019323671497587
30,0.28019323671497587
31,0.28019323671497587
32,0.28019323671497587
33,0.28019323671497587
34,0.28019323671497587
35,0.28019323671497587
36,0.28019323671497587
37,0.28019323671497587
38,0.28019323671497587
39,0.28019323671497587
40,0.28019323671497587
41,0.28019323671497587
42,0.28019323671497587
43,0.28502415458937197
44,0.28502415458937197
45,0.28502415458937197
46,0.28502415458937197
47,0.28502415458937197
48,0.28502415458937197
49,0.28502415458937197
50,0.28502415458937197
51,0.28502415458937197
52,0.28502415458937197
53,0.28502415458937197
54,0.2946859903381642
55,0.2946859903381642
56,0.2946859903381642
