0,0.024154589371980676
1,0.04830917874396135
2,0.04830917874396135
3,0.04830917874396135
4,0.04830917874396135
5,0.04830917874396135
6,0.04830917874396135
7,0.04830917874396135
8,0.04830917874396135
9,0.04830917874396135
10,0.04830917874396135
11,0.04830917874396135
12,0.04830917874396135
13,0.04830917874396135
14,0.04830917874396135
15,0.04830917874396135
16,0.04830917874396135
17,0.04830917874396135
18,0.04830917874396135
19,0.04830917874396135
20,0.04830917874396135
21,0.04830917874396135
22,0.04830917874396135
23,0.04830917874396135
24,0.04830917874396135
25,0.04830917874396135
26,0.04830917874396135
27,0.04830917874396135
28,0.04830917874396135
29,0.04830917874396135
30,0.04830917874396135
31,0.04830917874396135
32,0.04830917874396135
33,0.04830917874396135
34,0.04830917874396135
35,0.04830917874396135
36,0.04830917874396135
37,0.04830917874396135
38,0.04830917874396135
39,0.04830917874396135
40,0.04830917874396135
41,0.04830917874396135
42,0.04830917874396135
43,0.04830917874396135
44,0.04830917874396135
45,0.04830917874396135
46,0.04830917874396135
47,0.04830917874396135
48,0.04830917874396135
49,0.04830917874396135
50,0.04830917874396135
51,0.04830917874396135
52,0.04830917874396135
53,0.04830917874396135
54,0.04830917874396135
55,0.04830917874396135
56,0.04830917874396135
57,0.04830917874396135
58,0.04830917874396135
59,0.04830917874396135
60,0.04830917874396135
61,0.04830917874396135
62,0.04830917874396135
63,0.04830917874396135
64,0.04830917874396135
65,0.04830917874396135
66,0.04830917874396135
67,0.04830917874396135
68,0.04830917874396135
69,0.04830917874396135
70,0.04830917874396135
71,0.04830917874396135
72,0.04830917874396135
73,0.04830917874396135
74,0.04830917874396135
75,0.04830917874396135
76,0.04830917874396135
77,0.04830917874396135
78,0.04830917874396135
79,0.04830917874396135
80,0.04830917874396135
81,0.04830917874396135
82,0.04830917874396135
83,0.04830917874396135
84,0.04830917874396135
85,0.04830917874396135
86,0.04830917874396135
87,0.04830917874396135
88,0.04830917874396135
89,0.04830917874396135
90,0.04830917874396135
91,0.04830917874396135
92,0.04830917874396135
93,0.04830917874396135
94,0.04830917874396135
95,0.04830917874396135
96,0.04830917874396135
97,0.04830917874396135
98,0.04830917874396135
99,0.04830917874396135
100,0.04830917874396135
