0,0.043478260869565216
1,0.04830917874396135
2,0.05314009661835749
3,0.06280193236714976
4,0.06763285024154589
5,0.07246376811594203
6,0.07246376811594203
7,0.07246376811594203
8,0.07246376811594203
9,0.07246376811594203
10,0.07729468599033816
11,0.07729468599033816
12,0.07729468599033816
13,0.07729468599033816
14,0.07729468599033816
15,0.07729468599033816
16,0.07729468599033816
17,0.0821256038647343
18,0.0821256038647343
19,0.0821256038647343
20,0.0821256038647343
21,0.0821256038647343
22,0.0821256038647343
23,0.0821256038647343
24,0.0821256038647343
25,0.0821256038647343
26,0.0821256038647343
27,0.0821256038647343
28,0.0821256038647343
29,0.0821256038647343
30,0.0821256038647343
31,0.0821256038647343
32,0.0821256038647343
33,0.0821256038647343
34,0.0821256038647343
35,0.0821256038647343
36,0.0821256038647343
37,0.0821256038647343
38,0.0821256038647343
39,0.0821256038647343
40,0.0821256038647343
41,0.0821256038647343
42,0.0821256038647343
43,0.0821256038647343
44,0.0821256038647343
45,0.0821256038647343
46,0.0821256038647343
47,0.0821256038647343
48,0.0821256038647343
49,0.0821256038647343
50,0.0821256038647343
51,0.0821256038647343
52,0.0821256038647343
53,0.0821256038647343
54,0.0821256038647343
