0,0.057971014492753624
1,0.08695652173913043
2,0.10628019323671498
3,0.11594202898550725
4,0.12077294685990338
5,0.13526570048309178
6,0.13526570048309178
7,0.14492753623188406
8,0.178743961352657
9,0.178743961352657
10,0.178743961352657
11,0.178743961352657
12,0.178743961352657
13,0.178743961352657
14,0.178743961352657
15,0.178743961352657
16,0.178743961352657
17,0.178743961352657
18,0.178743961352657
19,0.178743961352657
20,0.178743961352657
21,0.178743961352657
22,0.178743961352657
23,0.178743961352657
24,0.178743961352657
25,0.178743961352657
26,0.178743961352657
27,0.178743961352657
28,0.178743961352657
29,0.178743961352657
30,0.178743961352657
31,0.178743961352657
32,0.178743961352657
33,0.178743961352657
34,0.178743961352657
35,0.178743961352657
36,0.178743961352657
37,0.178743961352657
38,0.178743961352657
39,0.178743961352657
40,0.178743961352657
41,0.178743961352657
42,0.178743961352657
43,0.178743961352657
44,0.178743961352657
45,0.178743961352657
46,0.178743961352657
47,0.178743961352657
48,0.178743961352657
49,0.178743961352657
50,0.178743961352657
51,0.178743961352657
52,0.178743961352657
