0,0.06280193236714976
1,0.06280193236714976
2,0.06280193236714976
3,0.06280193236714976
4,0.06763285024154589
5,0.07729468599033816
6,0.07729468599033816
7,0.07729468599033816
8,0.07729468599033816
9,0.08695652173913043
10,0.08695652173913043
11,0.08695652173913043
12,0.08695652173913043
13,0.08695652173913043
14,0.08695652173913043
15,0.08695652173913043
16,0.08695652173913043
17,0.08695652173913043
18,0.10144927536231885
19,0.10144927536231885
20,0.10144927536231885
21,0.10144927536231885
22,0.10144927536231885
23,0.10144927536231885
24,0.10144927536231885
25,0.10144927536231885
26,0.10144927536231885
27,0.10144927536231885
28,0.10144927536231885
29,0.10144927536231885
30,0.10144927536231885
31,0.10144927536231885
32,0.10144927536231885
33,0.10144927536231885
34,0.10144927536231885
35,0.10144927536231885
36,0.10144927536231885
37,0.10144927536231885
38,0.10144927536231885
39,0.10144927536231885
40,0.10144927536231885
41,0.10144927536231885
42,0.10144927536231885
43,0.10144927536231885
44,0.10144927536231885
45,0.10144927536231885
46,0.10144927536231885
47,0.10144927536231885
48,0.10144927536231885
49,0.10144927536231885
50,0.10144927536231885
51,0.10144927536231885
52,0.10144927536231885
53,0.10144927536231885
54,0.10144927536231885
55,0.10144927536231885
56,0.10144927536231885
57,0.10144927536231885
58,0.10144927536231885
59,0.10144927536231885
60,0.10144927536231885
61,0.10144927536231885
62,0.13043478260869565
63,0.13043478260869565
64,0.13043478260869565
65,0.13043478260869565
66,0.13043478260869565
67,0.13043478260869565
68,0.13043478260869565
69,0.13043478260869565
70,0.13043478260869565
71,0.13043478260869565
72,0.13043478260869565
73,0.13043478260869565
74,0.13043478260869565
75,0.13043478260869565
76,0.13043478260869565
77,0.13043478260869565
78,0.13043478260869565
79,0.13043478260869565
80,0.13043478260869565
81,0.13043478260869565
82,0.13043478260869565
83,0.13043478260869565
84,0.13043478260869565
85,0.13043478260869565
86,0.13043478260869565
87,0.13043478260869565
88,0.13043478260869565
89,0.13043478260869565
90,0.13043478260869565
91,0.13043478260869565
92,0.13043478260869565
93,0.13043478260869565
