0,0.028985507246376812
1,0.04830917874396135
2,0.05314009661835749
3,0.05314009661835749
4,0.0821256038647343
5,0.0821256038647343
6,0.0821256038647343
7,0.0821256038647343
8,0.0821256038647343
9,0.09178743961352658
10,0.10144927536231885
11,0.10144927536231885
12,0.10144927536231885
13,0.10144927536231885
14,0.10144927536231885
15,0.10144927536231885
16,0.10144927536231885
17,0.10144927536231885
18,0.10144927536231885
19,0.10144927536231885
20,0.10144927536231885
21,0.10144927536231885
22,0.10144927536231885
23,0.10144927536231885
24,0.10144927536231885
25,0.10628019323671498
26,0.10628019323671498
27,0.10628019323671498
28,0.10628019323671498
29,0.10628019323671498
30,0.10628019323671498
31,0.10628019323671498
32,0.10628019323671498
33,0.10628019323671498
34,0.10628019323671498
35,0.10628019323671498
36,0.10628019323671498
37,0.10628019323671498
38,0.10628019323671498
39,0.10628019323671498
40,0.10628019323671498
41,0.10628019323671498
42,0.10628019323671498
43,0.10628019323671498
44,0.10628019323671498
45,0.10628019323671498
46,0.10628019323671498
47,0.10628019323671498
48,0.10628019323671498
49,0.10628019323671498
50,0.10628019323671498
51,0.10628019323671498
52,0.10628019323671498
53,0.10628019323671498
54,0.10628019323671498
55,0.1111111111111111
56,0.1111111111111111
57,0.11594202898550725
58,0.11594202898550725
59,0.11594202898550725
60,0.11594202898550725
61,0.11594202898550725
62,0.11594202898550725
63,0.11594202898550725
64,0.11594202898550725
65,0.11594202898550725
66,0.14009661835748793
67,0.14009661835748793
68,0.14009661835748793
69,0.14009661835748793
70,0.14009661835748793
71,0.14009661835748793
72,0.14009661835748793
73,0.14009661835748793
