0,0.014492753623188406
1,0.014492753623188406
2,0.024154589371980676
3,0.024154589371980676
4,0.03864734299516908
5,0.05314009661835749
6,0.057971014492753624
7,0.057971014492753624
8,0.06280193236714976
9,0.06280193236714976
10,0.06280193236714976
11,0.06280193236714976
12,0.06280193236714976
13,0.06280193236714976
14,0.06280193236714976
15,0.06280193236714976
16,0.06280193236714976
17,0.06280193236714976
18,0.07729468599033816
19,0.07729468599033816
20,0.07729468599033816
21,0.07729468599033816
22,0.0821256038647343
23,0.08695652173913043
24,0.08695652173913043
25,0.08695652173913043
26,0.08695652173913043
27,0.08695652173913043
28,0.08695652173913043
29,0.08695652173913043
30,0.08695652173913043
31,0.08695652173913043
32,0.08695652173913043
33,0.08695652173913043
34,0.08695652173913043
35,0.08695652173913043
36,0.08695652173913043
37,0.08695652173913043
38,0.08695652173913043
39,0.08695652173913043
40,0.08695652173913043
41,0.08695652173913043
42,0.08695652173913043
43,0.08695652173913043
44,0.08695652173913043
45,0.08695652173913043
46,0.08695652173913043
47,0.08695652173913043
48,0.08695652173913043
