0,0.024154589371980676
1,0.03864734299516908
2,0.05314009661835749
3,0.05314009661835749
4,0.06763285024154589
5,0.07729468599033816
6,0.0821256038647343
7,0.0821256038647343
8,0.09178743961352658
9,0.09178743961352658
10,0.09178743961352658
11,0.09178743961352658
12,0.09178743961352658
13,0.09178743961352658
14,0.09178743961352658
15,0.09178743961352658
16,0.09178743961352658
17,0.10144927536231885
18,0.10144927536231885
19,0.10144927536231885
20,0.10144927536231885
21,0.10144927536231885
22,0.10144927536231885
23,0.10144927536231885
24,0.10144927536231885
25,0.10144927536231885
26,0.10144927536231885
27,0.10144927536231885
28,0.10144927536231885
29,0.10144927536231885
30,0.10144927536231885
31,0.10144927536231885
32,0.10144927536231885
33,0.10144927536231885
34,0.10144927536231885
35,0.10144927536231885
36,0.10144927536231885
37,0.10144927536231885
38,0.10144927536231885
39,0.10144927536231885
40,0.10144927536231885
41,0.10144927536231885
42,0.10144927536231885
43,0.1111111111111111
44,0.1111111111111111
45,0.1111111111111111
46,0.1111111111111111
47,0.1111111111111111
48,0.1111111111111111
49,0.1111111111111111
50,0.1111111111111111
51,0.1111111111111111
52,0.1111111111111111
53,0.1111111111111111
54,0.1111111111111111
55,0.1111111111111111
