0,0.01932367149758454
1,0.01932367149758454
2,0.01932367149758454
3,0.05314009661835749
4,0.0821256038647343
5,0.1111111111111111
6,0.11594202898550725
7,0.11594202898550725
8,0.12560386473429952
9,0.13043478260869565
10,0.13526570048309178
11,0.13526570048309178
12,0.14009661835748793
13,0.1497584541062802
14,0.1497584541062802
15,0.1497584541062802
16,0.1497584541062802
17,0.1497584541062802
18,0.1497584541062802
19,0.15458937198067632
20,0.15458937198067632
21,0.15458937198067632
22,0.15458937198067632
23,0.15458937198067632
24,0.15458937198067632
25,0.15458937198067632
26,0.15458937198067632
27,0.15458937198067632
28,0.15458937198067632
29,0.15458937198067632
30,0.15942028985507245
31,0.15942028985507245
32,0.15942028985507245
33,0.15942028985507245
34,0.15942028985507245
35,0.1642512077294686
36,0.1642512077294686
37,0.1642512077294686
38,0.1642512077294686
39,0.1642512077294686
40,0.1642512077294686
41,0.1642512077294686
42,0.1642512077294686
43,0.1642512077294686
44,0.1642512077294686
45,0.1642512077294686
46,0.1642512077294686
47,0.1642512077294686
48,0.1642512077294686
49,0.1642512077294686
50,0.1642512077294686
51,0.1642512077294686
52,0.1642512077294686
