0,0.043478260869565216
1,0.06280193236714976
2,0.09178743961352658
3,0.09178743961352658
4,0.10144927536231885
5,0.15942028985507245
6,0.15942028985507245
7,0.15942028985507245
8,0.17391304347826086
9,0.17391304347826086
10,0.17391304347826086
11,0.17391304347826086
12,0.17391304347826086
13,0.17391304347826086
14,0.17391304347826086
15,0.17391304347826086
16,0.17391304347826086
17,0.17391304347826086
18,0.17391304347826086
19,0.17391304347826086
20,0.17391304347826086
21,0.17391304347826086
22,0.17391304347826086
23,0.17391304347826086
24,0.17391304347826086
25,0.17391304347826086
26,0.17391304347826086
27,0.17391304347826086
28,0.17391304347826086
29,0.17391304347826086
30,0.178743961352657
31,0.178743961352657
32,0.178743961352657
33,0.178743961352657
34,0.178743961352657
35,0.178743961352657
36,0.178743961352657
37,0.178743961352657
38,0.178743961352657
39,0.178743961352657
40,0.178743961352657
41,0.178743961352657
42,0.178743961352657
43,0.178743961352657
44,0.178743961352657
45,0.178743961352657
46,0.178743961352657
47,0.178743961352657
48,0.178743961352657
49,0.178743961352657
50,0.178743961352657
51,0.178743961352657
52,0.178743961352657
53,0.178743961352657
54,0.18357487922705315
55,0.18357487922705315
56,0.19806763285024154
57,0.19806763285024154
58,0.19806763285024154
59,0.19806763285024154
60,0.19806763285024154
61,0.19806763285024154
