0,0.0
1,0.0
2,0.00966183574879227
3,0.00966183574879227
4,0.00966183574879227
5,0.00966183574879227
6,0.00966183574879227
7,0.00966183574879227
8,0.00966183574879227
9,0.00966183574879227
10,0.00966183574879227
11,0.00966183574879227
12,0.00966183574879227
13,0.00966183574879227
14,0.00966183574879227
15,0.00966183574879227
16,0.00966183574879227
17,0.00966183574879227
18,0.00966183574879227
19,0.00966183574879227
20,0.00966183574879227
21,0.00966183574879227
22,0.00966183574879227
23,0.014492753623188406
24,0.014492753623188406
25,0.014492753623188406
26,0.014492753623188406
27,0.014492753623188406
28,0.014492753623188406
29,0.014492753623188406
30,0.014492753623188406
31,0.014492753623188406
32,0.03864734299516908
33,0.04830917874396135
34,0.06763285024154589
35,0.0821256038647343
36,0.10628019323671498
37,0.12560386473429952
38,0.13526570048309178
39,0.14492753623188406
40,0.14492753623188406
41,0.1497584541062802
42,0.1497584541062802
43,0.1497584541062802
44,0.1497584541062802
45,0.1497584541062802
46,0.16908212560386474
47,0.17391304347826086
48,0.17391304347826086
49,0.17391304347826086
50,0.17391304347826086
51,0.178743961352657
52,0.178743961352657
53,0.178743961352657
54,0.21739130434782608
55,0.21739130434782608
56,0.21739130434782608
57,0.21739130434782608
58,0.21739130434782608
59,0.21739130434782608
60,0.21739130434782608
61,0.21739130434782608
62,0.21739130434782608
63,0.21739130434782608
64,0.21739130434782608
65,0.21739130434782608
66,0.21739130434782608
67,0.21739130434782608
68,0.21739130434782608
69,0.21739130434782608
70,0.21739130434782608
71,0.21739130434782608
72,0.21739130434782608
73,0.21739130434782608
74,0.21739130434782608
75,0.21739130434782608
76,0.21739130434782608
77,0.21739130434782608
78,0.21739130434782608
79,0.21739130434782608
80,0.21739130434782608
81,0.21739130434782608
82,0.21739130434782608
