0,0.01932367149758454
1,0.028985507246376812
2,0.08695652173913043
3,0.11594202898550725
4,0.19806763285024154
5,0.28502415458937197
6,0.28502415458937197
7,0.30917874396135264
8,0.30917874396135264
9,0.34299516908212563
10,0.40096618357487923
11,0.40096618357487923
12,0.4057971014492754
13,0.42028985507246375
14,0.4444444444444444
15,0.4444444444444444
16,0.4444444444444444
17,0.4444444444444444
18,0.4492753623188406
19,0.46859903381642515
20,0.47342995169082125
21,0.4927536231884058
22,0.4975845410628019
23,0.4975845410628019
24,0.4975845410628019
25,0.5169082125603864
26,0.5169082125603864
27,0.5169082125603864
28,0.5169082125603864
29,0.5169082125603864
30,0.5169082125603864
31,0.5169082125603864
32,0.5169082125603864
33,0.5169082125603864
34,0.5169082125603864
35,0.5169082125603864
36,0.5169082125603864
37,0.5169082125603864
38,0.5169082125603864
