0,0.01932367149758454
1,0.028985507246376812
2,0.04830917874396135
3,0.04830917874396135
4,0.04830917874396135
5,0.04830917874396135
6,0.04830917874396135
7,0.04830917874396135
8,0.04830917874396135
9,0.04830917874396135
10,0.04830917874396135
11,0.04830917874396135
12,0.04830917874396135
13,0.04830917874396135
14,0.04830917874396135
15,0.04830917874396135
16,0.04830917874396135
17,0.05314009661835749
18,0.05314009661835749
19,0.05314009661835749
20,0.057971014492753624
21,0.06280193236714976
22,0.06280193236714976
23,0.06280193236714976
24,0.06280193236714976
25,0.06280193236714976
26,0.07246376811594203
27,0.07246376811594203
28,0.07246376811594203
29,0.08695652173913043
30,0.08695652173913043
31,0.08695652173913043
32,0.08695652173913043
33,0.08695652173913043
34,0.08695652173913043
35,0.08695652173913043
36,0.08695652173913043
37,0.08695652173913043
38,0.08695652173913043
39,0.08695652173913043
40,0.08695652173913043
41,0.08695652173913043
42,0.08695652173913043
43,0.08695652173913043
44,0.08695652173913043
45,0.08695652173913043
46,0.08695652173913043
47,0.08695652173913043
48,0.08695652173913043
49,0.08695652173913043
50,0.08695652173913043
51,0.08695652173913043
52,0.12077294685990338
53,0.12077294685990338
54,0.12077294685990338
55,0.12077294685990338
56,0.12077294685990338
57,0.12077294685990338
58,0.12077294685990338
59,0.12077294685990338
60,0.12077294685990338
61,0.12077294685990338
62,0.12077294685990338
63,0.12077294685990338
64,0.12077294685990338
65,0.12077294685990338
66,0.12077294685990338
67,0.12077294685990338
