0,0.00966183574879227
1,0.00966183574879227
2,0.024154589371980676
3,0.024154589371980676
4,0.028985507246376812
5,0.033816425120772944
6,0.04830917874396135
7,0.04830917874396135
8,0.04830917874396135
9,0.06280193236714976
10,0.07246376811594203
11,0.07729468599033816
12,0.07729468599033816
13,0.07729468599033816
14,0.08695652173913043
15,0.08695652173913043
16,0.08695652173913043
17,0.08695652173913043
18,0.08695652173913043
19,0.08695652173913043
20,0.08695652173913043
21,0.09178743961352658
22,0.09178743961352658
23,0.10144927536231885
24,0.10144927536231885
25,0.10144927536231885
26,0.10144927536231885
27,0.10144927536231885
28,0.10144927536231885
29,0.10144927536231885
30,0.10144927536231885
31,0.10144927536231885
32,0.10144927536231885
33,0.10144927536231885
34,0.10144927536231885
35,0.10144927536231885
36,0.10144927536231885
37,0.10144927536231885
