0,0.0
1,0.0
2,0.0
3,0.0
4,0.0
5,0.0
6,0.0
7,0.0
8,0.0
9,0.0
10,0.0
11,0.0
12,0.00966183574879227
13,0.00966183574879227
14,0.00966183574879227
15,0.00966183574879227
16,0.00966183574879227
17,0.00966183574879227
18,0.00966183574879227
19,0.00966183574879227
20,0.00966183574879227
21,0.00966183574879227
22,0.00966183574879227
23,0.00966183574879227
24,0.00966183574879227
25,0.00966183574879227
26,0.00966183574879227
27,0.00966183574879227
28,0.00966183574879227
29,0.00966183574879227
30,0.00966183574879227
31,0.00966183574879227
32,0.00966183574879227
33,0.00966183574879227
34,0.00966183574879227
35,0.00966183574879227
36,0.024154589371980676
37,0.06280193236714976
38,0.06280193236714976
39,0.06280193236714976
40,0.07246376811594203
41,0.07246376811594203
42,0.08695652173913043
43,0.08695652173913043
44,0.08695652173913043
45,0.08695652173913043
46,0.10144927536231885
47,0.10144927536231885
48,0.10144927536231885
49,0.10144927536231885
50,0.10144927536231885
51,0.10144927536231885
52,0.10144927536231885
53,0.12560386473429952
54,0.12560386473429952
55,0.12560386473429952
56,0.12560386473429952
57,0.12560386473429952
58,0.12560386473429952
59,0.12560386473429952
60,0.12560386473429952
61,0.12560386473429952
62,0.12560386473429952
63,0.12560386473429952
64,0.12560386473429952
65,0.12560386473429952
66,0.12560386473429952
67,0.12560386473429952
68,0.13043478260869565
69,0.13043478260869565
70,0.13043478260869565
71,0.13043478260869565
72,0.13043478260869565
73,0.13043478260869565
74,0.13043478260869565
75,0.13043478260869565
76,0.13043478260869565
77,0.13043478260869565
78,0.13043478260869565
79,0.13043478260869565
80,0.13043478260869565
81,0.13043478260869565
82,0.1497584541062802
83,0.1497584541062802
84,0.1497584541062802
85,0.1497584541062802
86,0.1497584541062802
87,0.1497584541062802
88,0.1497584541062802
89,0.1497584541062802
90,0.1497584541062802
91,0.1497584541062802
