0,0.014492753623188406
1,0.03864734299516908
2,0.043478260869565216
3,0.06763285024154589
4,0.09178743961352658
5,0.10144927536231885
6,0.10144927536231885
7,0.10144927536231885
8,0.1111111111111111
9,0.1497584541062802
10,0.1497584541062802
11,0.1497584541062802
12,0.15458937198067632
13,0.15458937198067632
14,0.15458937198067632
15,0.15942028985507245
16,0.15942028985507245
17,0.15942028985507245
18,0.16908212560386474
19,0.16908212560386474
20,0.16908212560386474
21,0.16908212560386474
22,0.17391304347826086
23,0.17391304347826086
24,0.178743961352657
25,0.18357487922705315
26,0.18357487922705315
27,0.18357487922705315
28,0.18357487922705315
29,0.18357487922705315
