0,0.057971014492753624
1,0.0821256038647343
2,0.10628019323671498
3,0.12560386473429952
4,0.13526570048309178
5,0.14492753623188406
6,0.15458937198067632
7,0.15458937198067632
8,0.15458937198067632
9,0.16908212560386474
10,0.16908212560386474
11,0.16908212560386474
12,0.16908212560386474
13,0.16908212560386474
14,0.16908212560386474
15,0.16908212560386474
16,0.16908212560386474
17,0.16908212560386474
18,0.16908212560386474
19,0.16908212560386474
20,0.16908212560386474
21,0.16908212560386474
22,0.16908212560386474
23,0.16908212560386474
24,0.16908212560386474
25,0.16908212560386474
26,0.16908212560386474
27,0.16908212560386474
28,0.16908212560386474
29,0.178743961352657
30,0.178743961352657
31,0.178743961352657
32,0.178743961352657
33,0.178743961352657
34,0.178743961352657
35,0.178743961352657
36,0.178743961352657
37,0.178743961352657
38,0.21256038647342995
39,0.21256038647342995
40,0.21256038647342995
41,0.21256038647342995
42,0.21256038647342995
43,0.21256038647342995
44,0.21256038647342995
45,0.21256038647342995
46,0.21256038647342995
47,0.21256038647342995
48,0.21256038647342995
49,0.21256038647342995
50,0.21256038647342995
51,0.21256038647342995
52,0.21256038647342995
53,0.21256038647342995
54,0.24154589371980675
55,0.24154589371980675
56,0.24154589371980675
57,0.24154589371980675
58,0.24154589371980675
59,0.24154589371980675
60,0.24154589371980675
61,0.24154589371980675
62,0.24154589371980675
63,0.24154589371980675
64,0.24154589371980675
65,0.24154589371980675
66,0.24154589371980675
67,0.24154589371980675
68,0.24154589371980675
69,0.24154589371980675
70,0.24154589371980675
71,0.24154589371980675
72,0.24154589371980675
73,0.24154589371980675
74,0.24154589371980675
75,0.24154589371980675
76,0.24154589371980675
77,0.24154589371980675
78,0.24154589371980675
79,0.24154589371980675
80,0.24154589371980675
