0,0.004830917874396135
1,0.00966183574879227
2,0.00966183574879227
3,0.00966183574879227
4,0.00966183574879227
5,0.00966183574879227
6,0.00966183574879227
7,0.00966183574879227
8,0.00966183574879227
9,0.00966183574879227
10,0.00966183574879227
11,0.00966183574879227
12,0.00966183574879227
13,0.00966183574879227
14,0.00966183574879227
15,0.00966183574879227
16,0.00966183574879227
17,0.00966183574879227
18,0.00966183574879227
19,0.00966183574879227
20,0.00966183574879227
21,0.00966183574879227
22,0.00966183574879227
23,0.00966183574879227
24,0.00966183574879227
25,0.01932367149758454
26,0.01932367149758454
27,0.01932367149758454
28,0.01932367149758454
29,0.01932367149758454
30,0.01932367149758454
31,0.01932367149758454
32,0.01932367149758454
33,0.01932367149758454
34,0.01932367149758454
35,0.01932367149758454
36,0.01932367149758454
37,0.01932367149758454
38,0.01932367149758454
39,0.01932367149758454
40,0.01932367149758454
41,0.01932367149758454
42,0.01932367149758454
43,0.01932367149758454
44,0.01932367149758454
45,0.01932367149758454
46,0.01932367149758454
47,0.01932367149758454
48,0.01932367149758454
49,0.01932367149758454
50,0.01932367149758454
51,0.01932367149758454
52,0.01932367149758454
53,0.01932367149758454
54,0.01932367149758454
55,0.01932367149758454
56,0.01932367149758454
57,0.01932367149758454
58,0.01932367149758454
59,0.01932367149758454
60,0.01932367149758454
61,0.01932367149758454
62,0.01932367149758454
63,0.01932367149758454
64,0.01932367149758454
65,0.01932367149758454
66,0.01932367149758454
67,0.01932367149758454
68,0.01932367149758454
69,0.01932367149758454
70,0.01932367149758454
71,0.01932367149758454
72,0.01932367149758454
73,0.01932367149758454
74,0.01932367149758454
75,0.01932367149758454
76,0.01932367149758454
77,0.028985507246376812
78,0.028985507246376812
79,0.028985507246376812
80,0.043478260869565216
81,0.05314009661835749
82,0.05314009661835749
83,0.05314009661835749
84,0.05314009661835749
85,0.05314009661835749
86,0.05314009661835749
87,0.05314009661835749
88,0.05314009661835749
89,0.05314009661835749
90,0.05314009661835749
91,0.05314009661835749
92,0.057971014492753624
93,0.057971014492753624
94,0.057971014492753624
95,0.057971014492753624
96,0.057971014492753624
97,0.057971014492753624
98,0.057971014492753624
99,0.057971014492753624
100,0.057971014492753624
