0,0.014492753623188406
1,0.024154589371980676
2,0.024154589371980676
3,0.028985507246376812
4,0.028985507246376812
5,0.028985507246376812
6,0.028985507246376812
7,0.028985507246376812
8,0.04830917874396135
9,0.04830917874396135
10,0.04830917874396135
11,0.04830917874396135
12,0.04830917874396135
13,0.04830917874396135
14,0.04830917874396135
15,0.04830917874396135
16,0.04830917874396135
17,0.04830917874396135
18,0.04830917874396135
19,0.04830917874396135
20,0.04830917874396135
21,0.04830917874396135
22,0.04830917874396135
23,0.04830917874396135
24,0.04830917874396135
25,0.04830917874396135
26,0.04830917874396135
27,0.04830917874396135
28,0.04830917874396135
29,0.04830917874396135
30,0.04830917874396135
31,0.04830917874396135
32,0.04830917874396135
33,0.04830917874396135
34,0.04830917874396135
35,0.04830917874396135
36,0.04830917874396135
37,0.04830917874396135
38,0.04830917874396135
39,0.04830917874396135
40,0.04830917874396135
41,0.04830917874396135
