0,0.028985507246376812
1,0.057971014492753624
2,0.06280193236714976
3,0.06280193236714976
4,0.06280193236714976
5,0.06280193236714976
6,0.06280193236714976
7,0.06280193236714976
8,0.06280193236714976
9,0.06280193236714976
10,0.06280193236714976
11,0.06280193236714976
12,0.06280193236714976
13,0.06280193236714976
14,0.06280193236714976
15,0.06280193236714976
16,0.06280193236714976
17,0.06280193236714976
18,0.06280193236714976
19,0.06280193236714976
20,0.06280193236714976
21,0.06280193236714976
22,0.06280193236714976
23,0.06280193236714976
24,0.06280193236714976
25,0.06280193236714976
26,0.06280193236714976
27,0.06280193236714976
28,0.06280193236714976
29,0.0821256038647343
30,0.0821256038647343
31,0.0821256038647343
32,0.0821256038647343
33,0.0821256038647343
34,0.0821256038647343
35,0.0821256038647343
36,0.0821256038647343
37,0.0821256038647343
38,0.0821256038647343
39,0.0821256038647343
40,0.0821256038647343
41,0.0821256038647343
42,0.0821256038647343
43,0.0821256038647343
44,0.0821256038647343
45,0.0821256038647343
46,0.0821256038647343
47,0.0821256038647343
48,0.0821256038647343
49,0.0821256038647343
50,0.0821256038647343
51,0.0821256038647343
52,0.0821256038647343
53,0.0821256038647343
54,0.0821256038647343
55,0.0821256038647343
56,0.0821256038647343
57,0.0821256038647343
58,0.08695652173913043
59,0.08695652173913043
60,0.08695652173913043
61,0.08695652173913043
62,0.08695652173913043
63,0.08695652173913043
64,0.08695652173913043
65,0.08695652173913043
66,0.08695652173913043
67,0.08695652173913043
68,0.08695652173913043
69,0.08695652173913043
70,0.08695652173913043
71,0.08695652173913043
72,0.08695652173913043
73,0.08695652173913043
74,0.08695652173913043
75,0.08695652173913043
76,0.08695652173913043
77,0.08695652173913043
78,0.08695652173913043
79,0.08695652173913043
80,0.08695652173913043
81,0.08695652173913043
82,0.08695652173913043
83,0.08695652173913043
84,0.08695652173913043
85,0.0966183574879227
86,0.0966183574879227
87,0.0966183574879227
88,0.0966183574879227
89,0.0966183574879227
90,0.0966183574879227
91,0.0966183574879227
92,0.0966183574879227
93,0.0966183574879227
94,0.0966183574879227
95,0.0966183574879227
96,0.0966183574879227
97,0.0966183574879227
