0,0.0
1,0.0
2,0.0
3,0.00966183574879227
4,0.00966183574879227
5,0.00966183574879227
6,0.00966183574879227
7,0.00966183574879227
8,0.00966183574879227
9,0.00966183574879227
10,0.00966183574879227
11,0.033816425120772944
12,0.033816425120772944
13,0.0821256038647343
14,0.0821256038647343
15,0.08695652173913043
16,0.0966183574879227
17,0.0966183574879227
18,0.0966183574879227
19,0.0966183574879227
20,0.0966183574879227
21,0.0966183574879227
22,0.0966183574879227
23,0.0966183574879227
24,0.0966183574879227
25,0.0966183574879227
26,0.0966183574879227
27,0.0966183574879227
28,0.0966183574879227
29,0.0966183574879227
30,0.0966183574879227
31,0.0966183574879227
32,0.0966183574879227
33,0.0966183574879227
34,0.0966183574879227
35,0.0966183574879227
36,0.0966183574879227
37,0.0966183574879227
38,0.0966183574879227
39,0.0966183574879227
40,0.0966183574879227
41,0.0966183574879227
42,0.0966183574879227
43,0.0966183574879227
44,0.0966183574879227
45,0.0966183574879227
46,0.0966183574879227
47,0.0966183574879227
48,0.0966183574879227
49,0.10144927536231885
50,0.10144927536231885
51,0.10144927536231885
52,0.10144927536231885
53,0.10144927536231885
54,0.10144927536231885
55,0.10144927536231885
56,0.10144927536231885
57,0.1111111111111111
58,0.1111111111111111
59,0.1111111111111111
60,0.1111111111111111
61,0.1111111111111111
62,0.1111111111111111
63,0.1111111111111111
64,0.1111111111111111
65,0.1111111111111111
66,0.1111111111111111
67,0.1111111111111111
68,0.1111111111111111
69,0.1111111111111111
