0,0.00966183574879227
1,0.00966183574879227
2,0.00966183574879227
3,0.00966183574879227
4,0.00966183574879227
5,0.00966183574879227
6,0.00966183574879227
7,0.00966183574879227
8,0.00966183574879227
9,0.00966183574879227
10,0.00966183574879227
11,0.00966183574879227
12,0.00966183574879227
13,0.00966183574879227
14,0.00966183574879227
15,0.00966183574879227
16,0.00966183574879227
17,0.00966183574879227
18,0.00966183574879227
19,0.00966183574879227
20,0.00966183574879227
21,0.00966183574879227
22,0.00966183574879227
23,0.00966183574879227
24,0.00966183574879227
25,0.00966183574879227
26,0.00966183574879227
27,0.00966183574879227
28,0.00966183574879227
29,0.00966183574879227
30,0.00966183574879227
31,0.00966183574879227
32,0.00966183574879227
33,0.00966183574879227
34,0.00966183574879227
35,0.00966183574879227
36,0.00966183574879227
37,0.00966183574879227
38,0.00966183574879227
39,0.00966183574879227
40,0.00966183574879227
41,0.00966183574879227
42,0.00966183574879227
43,0.00966183574879227
44,0.00966183574879227
45,0.00966183574879227
46,0.00966183574879227
47,0.00966183574879227
48,0.00966183574879227
49,0.00966183574879227
50,0.00966183574879227
51,0.00966183574879227
52,0.00966183574879227
53,0.00966183574879227
54,0.00966183574879227
55,0.00966183574879227
56,0.00966183574879227
57,0.00966183574879227
58,0.00966183574879227
59,0.00966183574879227
60,0.00966183574879227
61,0.00966183574879227
62,0.00966183574879227
63,0.00966183574879227
64,0.00966183574879227
65,0.00966183574879227
66,0.00966183574879227
67,0.00966183574879227
68,0.00966183574879227
69,0.00966183574879227
70,0.00966183574879227
71,0.00966183574879227
72,0.00966183574879227
73,0.00966183574879227
74,0.00966183574879227
75,0.00966183574879227
76,0.00966183574879227
77,0.00966183574879227
78,0.00966183574879227
79,0.00966183574879227
80,0.00966183574879227
81,0.00966183574879227
82,0.00966183574879227
83,0.00966183574879227
84,0.00966183574879227
85,0.00966183574879227
86,0.00966183574879227
87,0.00966183574879227
88,0.00966183574879227
89,0.00966183574879227
90,0.00966183574879227
91,0.00966183574879227
92,0.00966183574879227
93,0.00966183574879227
94,0.00966183574879227
95,0.00966183574879227
96,0.00966183574879227
97,0.00966183574879227
98,0.00966183574879227
99,0.00966183574879227
100,0.00966183574879227
