0,0.0
1,0.0
2,0.0
3,0.0
4,0.0
5,0.0
6,0.0
7,0.0
8,0.0
9,0.0
10,0.0
11,0.0
12,0.0
13,0.0
14,0.0
15,0.0
16,0.0
17,0.0
18,0.0
19,0.0
20,0.0
21,0.0
22,0.0
23,0.0
24,0.0
25,0.0
26,0.0
27,0.0
28,0.0
29,0.0
30,0.0
31,0.043478260869565216
32,0.05314009661835749
33,0.06280193236714976
34,0.07246376811594203
35,0.10144927536231885
36,0.10144927536231885
37,0.10144927536231885
38,0.10144927536231885
39,0.10144927536231885
40,0.10144927536231885
41,0.10144927536231885
42,0.10144927536231885
43,0.10144927536231885
44,0.10144927536231885
45,0.10144927536231885
46,0.10144927536231885
47,0.10144927536231885
48,0.10144927536231885
49,0.10144927536231885
50,0.10144927536231885
51,0.10144927536231885
52,0.10144927536231885
53,0.10144927536231885
54,0.10144927536231885
55,0.10144927536231885
56,0.10144927536231885
57,0.10144927536231885
58,0.10144927536231885
59,0.10144927536231885
60,0.10144927536231885
61,0.10144927536231885
62,0.10144927536231885
63,0.10144927536231885
64,0.10144927536231885
65,0.10144927536231885
66,0.10144927536231885
67,0.10144927536231885
68,0.10144927536231885
69,0.10144927536231885
70,0.10144927536231885
71,0.10144927536231885
72,0.10144927536231885
73,0.10144927536231885
74,0.10144927536231885
75,0.10144927536231885
76,0.10144927536231885
77,0.10144927536231885
78,0.10144927536231885
79,0.10144927536231885
80,0.10144927536231885
81,0.10144927536231885
82,0.10144927536231885
83,0.10144927536231885
84,0.10144927536231885
85,0.10144927536231885
86,0.10144927536231885
87,0.10144927536231885
88,0.10144927536231885
89,0.10144927536231885
90,0.10144927536231885
91,0.10144927536231885
92,0.10144927536231885
93,0.10144927536231885
94,0.10144927536231885
95,0.10144927536231885
96,0.10144927536231885
97,0.10144927536231885
98,0.10144927536231885
99,0.10144927536231885
100,0.10144927536231885
