0,0.00966183574879227
1,0.00966183574879227
2,0.03864734299516908
3,0.03864734299516908
4,0.03864734299516908
5,0.03864734299516908
6,0.03864734299516908
7,0.03864734299516908
8,0.03864734299516908
9,0.03864734299516908
10,0.03864734299516908
11,0.03864734299516908
12,0.03864734299516908
13,0.03864734299516908
14,0.057971014492753624
15,0.057971014492753624
16,0.057971014492753624
17,0.057971014492753624
18,0.057971014492753624
19,0.057971014492753624
20,0.057971014492753624
21,0.057971014492753624
22,0.057971014492753624
23,0.057971014492753624
24,0.057971014492753624
25,0.057971014492753624
26,0.057971014492753624
27,0.057971014492753624
28,0.057971014492753624
29,0.057971014492753624
30,0.057971014492753624
31,0.057971014492753624
32,0.057971014492753624
33,0.057971014492753624
34,0.057971014492753624
35,0.057971014492753624
36,0.06280193236714976
37,0.06280193236714976
38,0.06280193236714976
39,0.06280193236714976
40,0.06280193236714976
41,0.06280193236714976
42,0.06280193236714976
43,0.06280193236714976
