0,0.0
1,0.0
2,0.0
3,0.0
4,0.0
5,0.0
6,0.0
7,0.0
8,0.0
9,0.0
10,0.0
11,0.0
12,0.0
13,0.0
14,0.0
15,0.0
16,0.0
17,0.0
18,0.0
19,0.0
20,0.0
21,0.0
22,0.0
23,0.0
24,0.0
25,0.0
26,0.0
27,0.00966183574879227
28,0.00966183574879227
29,0.00966183574879227
30,0.00966183574879227
31,0.00966183574879227
32,0.00966183574879227
33,0.00966183574879227
34,0.00966183574879227
35,0.00966183574879227
36,0.00966183574879227
37,0.00966183574879227
38,0.00966183574879227
39,0.00966183574879227
40,0.00966183574879227
41,0.00966183574879227
42,0.014492753623188406
43,0.014492753623188406
44,0.014492753623188406
45,0.014492753623188406
46,0.014492753623188406
47,0.014492753623188406
48,0.014492753623188406
49,0.014492753623188406
50,0.014492753623188406
51,0.014492753623188406
52,0.014492753623188406
53,0.014492753623188406
54,0.014492753623188406
55,0.014492753623188406
56,0.014492753623188406
57,0.014492753623188406
58,0.014492753623188406
59,0.024154589371980676
60,0.024154589371980676
61,0.024154589371980676
62,0.024154589371980676
63,0.024154589371980676
64,0.024154589371980676
65,0.024154589371980676
66,0.024154589371980676
67,0.024154589371980676
68,0.024154589371980676
69,0.024154589371980676
70,0.024154589371980676
71,0.024154589371980676
72,0.024154589371980676
73,0.15458937198067632
74,0.15458937198067632
75,0.1642512077294686
76,0.18357487922705315
77,0.18357487922705315
78,0.18357487922705315
79,0.18357487922705315
80,0.18357487922705315
81,0.18357487922705315
82,0.18357487922705315
83,0.18357487922705315
84,0.18357487922705315
85,0.18357487922705315
86,0.18357487922705315
87,0.18357487922705315
88,0.18357487922705315
89,0.18357487922705315
90,0.18357487922705315
91,0.18357487922705315
92,0.18357487922705315
93,0.18357487922705315
94,0.18357487922705315
95,0.18357487922705315
96,0.18357487922705315
97,0.18357487922705315
98,0.18357487922705315
99,0.18357487922705315
100,0.18357487922705315
