0,0.00966183574879227
1,0.033816425120772944
2,0.033816425120772944
3,0.04830917874396135
4,0.04830917874396135
5,0.04830917874396135
6,0.04830917874396135
7,0.04830917874396135
8,0.057971014492753624
9,0.057971014492753624
10,0.13043478260869565
11,0.13043478260869565
12,0.13043478260869565
13,0.13043478260869565
14,0.13043478260869565
15,0.13043478260869565
16,0.13043478260869565
17,0.13043478260869565
18,0.13043478260869565
19,0.13043478260869565
20,0.13043478260869565
21,0.13043478260869565
22,0.13043478260869565
23,0.13043478260869565
24,0.13043478260869565
25,0.13043478260869565
26,0.13043478260869565
27,0.13043478260869565
28,0.13043478260869565
29,0.13043478260869565
30,0.13043478260869565
31,0.13043478260869565
32,0.13043478260869565
33,0.13043478260869565
34,0.13043478260869565
35,0.13043478260869565
