0,0.00966183574879227
1,0.01932367149758454
2,0.043478260869565216
3,0.043478260869565216
4,0.06763285024154589
5,0.09178743961352658
6,0.11594202898550725
7,0.11594202898550725
8,0.11594202898550725
9,0.11594202898550725
10,0.11594202898550725
11,0.12077294685990338
12,0.12077294685990338
13,0.12077294685990338
14,0.12077294685990338
15,0.12077294685990338
16,0.12077294685990338
17,0.12077294685990338
18,0.12077294685990338
19,0.1642512077294686
20,0.1642512077294686
21,0.1642512077294686
22,0.1642512077294686
23,0.1642512077294686
24,0.1642512077294686
25,0.1642512077294686
26,0.1642512077294686
27,0.17391304347826086
28,0.17391304347826086
29,0.17391304347826086
30,0.17391304347826086
31,0.17391304347826086
