0,0.00966183574879227
1,0.014492753623188406
2,0.06280193236714976
3,0.06280193236714976
4,0.06280193236714976
5,0.07729468599033816
6,0.09178743961352658
7,0.09178743961352658
8,0.09178743961352658
9,0.09178743961352658
10,0.09178743961352658
11,0.09178743961352658
12,0.09178743961352658
13,0.09178743961352658
14,0.09178743961352658
15,0.09178743961352658
16,0.10144927536231885
17,0.10144927536231885
18,0.10144927536231885
19,0.10144927536231885
20,0.10144927536231885
21,0.10144927536231885
22,0.10144927536231885
23,0.10144927536231885
24,0.10144927536231885
25,0.10144927536231885
26,0.1111111111111111
27,0.1111111111111111
28,0.1111111111111111
29,0.1111111111111111
30,0.1111111111111111
31,0.1111111111111111
32,0.1111111111111111
33,0.1111111111111111
34,0.1111111111111111
35,0.1111111111111111
36,0.1111111111111111
37,0.1111111111111111
38,0.1111111111111111
39,0.1111111111111111
40,0.1111111111111111
41,0.1111111111111111
42,0.1111111111111111
43,0.1111111111111111
44,0.1111111111111111
45,0.1111111111111111
46,0.1111111111111111
47,0.1111111111111111
48,0.1111111111111111
49,0.1111111111111111
50,0.1111111111111111
51,0.1111111111111111
52,0.1111111111111111
53,0.1111111111111111
54,0.1111111111111111
55,0.1111111111111111
56,0.1111111111111111
57,0.1111111111111111
58,0.1111111111111111
59,0.1111111111111111
60,0.1111111111111111
61,0.1111111111111111
62,0.1111111111111111
63,0.1111111111111111
64,0.1111111111111111
65,0.1111111111111111
66,0.1111111111111111
67,0.1111111111111111
68,0.1111111111111111
69,0.1111111111111111
70,0.1111111111111111
71,0.1111111111111111
72,0.1111111111111111
73,0.1111111111111111
