0,0.01932367149758454
1,0.08695652173913043
2,0.13526570048309178
3,0.1642512077294686
4,0.18357487922705315
5,0.18357487922705315
6,0.18840579710144928
7,0.2318840579710145
8,0.25120772946859904
9,0.25120772946859904
10,0.25120772946859904
11,0.25120772946859904
12,0.25120772946859904
13,0.25120772946859904
14,0.25120772946859904
15,0.25120772946859904
16,0.25120772946859904
17,0.25120772946859904
18,0.25120772946859904
19,0.25120772946859904
20,0.25120772946859904
21,0.25120772946859904
22,0.25120772946859904
23,0.25120772946859904
24,0.25120772946859904
25,0.25120772946859904
26,0.25120772946859904
27,0.25120772946859904
28,0.25120772946859904
29,0.25120772946859904
30,0.25120772946859904
31,0.25120772946859904
32,0.25120772946859904
33,0.25120772946859904
34,0.25120772946859904
35,0.2560386473429952
36,0.2560386473429952
37,0.2560386473429952
38,0.2560386473429952
39,0.2560386473429952
40,0.2560386473429952
41,0.2560386473429952
42,0.2560386473429952
43,0.2560386473429952
44,0.2560386473429952
