0,0.00966183574879227
1,0.01932367149758454
2,0.028985507246376812
3,0.028985507246376812
4,0.05314009661835749
5,0.057971014492753624
6,0.057971014492753624
7,0.057971014492753624
8,0.06280193236714976
9,0.12560386473429952
10,0.12560386473429952
11,0.12560386473429952
12,0.12560386473429952
13,0.15458937198067632
14,0.15458937198067632
15,0.15458937198067632
16,0.15458937198067632
17,0.15458937198067632
18,0.15458937198067632
19,0.15458937198067632
20,0.15458937198067632
21,0.15458937198067632
22,0.15458937198067632
23,0.15458937198067632
24,0.15458937198067632
25,0.15458937198067632
26,0.15458937198067632
27,0.15458937198067632
28,0.16908212560386474
29,0.16908212560386474
30,0.16908212560386474
31,0.16908212560386474
32,0.16908212560386474
33,0.16908212560386474
34,0.178743961352657
35,0.178743961352657
36,0.178743961352657
37,0.178743961352657
38,0.178743961352657
39,0.178743961352657
40,0.178743961352657
41,0.178743961352657
42,0.178743961352657
43,0.178743961352657
