0,0.028985507246376812
1,0.043478260869565216
2,0.05314009661835749
3,0.057971014492753624
4,0.07729468599033816
5,0.08695652173913043
6,0.08695652173913043
7,0.0966183574879227
8,0.0966183574879227
9,0.0966183574879227
10,0.11594202898550725
11,0.11594202898550725
12,0.11594202898550725
13,0.11594202898550725
14,0.11594202898550725
15,0.11594202898550725
16,0.11594202898550725
17,0.11594202898550725
18,0.11594202898550725
19,0.11594202898550725
20,0.11594202898550725
21,0.11594202898550725
22,0.11594202898550725
23,0.11594202898550725
24,0.11594202898550725
25,0.11594202898550725
26,0.12077294685990338
27,0.12077294685990338
28,0.12077294685990338
29,0.12077294685990338
30,0.12077294685990338
31,0.12077294685990338
32,0.12077294685990338
33,0.12077294685990338
34,0.12077294685990338
35,0.12077294685990338
36,0.12077294685990338
37,0.12077294685990338
38,0.12077294685990338
39,0.12077294685990338
40,0.12077294685990338
41,0.12077294685990338
42,0.12077294685990338
43,0.12077294685990338
44,0.14009661835748793
45,0.14009661835748793
46,0.14009661835748793
47,0.14009661835748793
48,0.14009661835748793
49,0.14009661835748793
50,0.14009661835748793
51,0.14009661835748793
52,0.14009661835748793
53,0.14009661835748793
54,0.14009661835748793
55,0.14009661835748793
56,0.14009661835748793
57,0.14009661835748793
58,0.14009661835748793
59,0.14009661835748793
60,0.14009661835748793
61,0.14009661835748793
62,0.14009661835748793
63,0.14009661835748793
64,0.14009661835748793
