0,0.00966183574879227
1,0.01932367149758454
2,0.01932367149758454
3,0.01932367149758454
4,0.024154589371980676
5,0.028985507246376812
6,0.033816425120772944
7,0.043478260869565216
8,0.043478260869565216
9,0.043478260869565216
10,0.043478260869565216
11,0.04830917874396135
12,0.05314009661835749
13,0.05314009661835749
14,0.05314009661835749
15,0.05314009661835749
16,0.05314009661835749
17,0.05314009661835749
18,0.05314009661835749
19,0.05314009661835749
20,0.05314009661835749
21,0.05314009661835749
22,0.05314009661835749
23,0.05314009661835749
24,0.05314009661835749
25,0.05314009661835749
26,0.05314009661835749
27,0.057971014492753624
28,0.07729468599033816
29,0.07729468599033816
30,0.07729468599033816
31,0.07729468599033816
32,0.07729468599033816
33,0.07729468599033816
