0,0.014492753623188406
1,0.043478260869565216
2,0.043478260869565216
3,0.043478260869565216
4,0.043478260869565216
5,0.043478260869565216
6,0.043478260869565216
7,0.043478260869565216
8,0.043478260869565216
9,0.043478260869565216
10,0.043478260869565216
11,0.043478260869565216
12,0.043478260869565216
13,0.043478260869565216
14,0.043478260869565216
15,0.043478260869565216
16,0.043478260869565216
17,0.043478260869565216
18,0.04830917874396135
19,0.04830917874396135
20,0.04830917874396135
21,0.04830917874396135
22,0.04830917874396135
23,0.04830917874396135
24,0.04830917874396135
25,0.04830917874396135
26,0.04830917874396135
27,0.04830917874396135
28,0.04830917874396135
29,0.04830917874396135
30,0.04830917874396135
31,0.04830917874396135
32,0.04830917874396135
33,0.04830917874396135
34,0.05314009661835749
35,0.05314009661835749
36,0.06280193236714976
37,0.06280193236714976
38,0.06280193236714976
39,0.06280193236714976
40,0.06280193236714976
41,0.06280193236714976
42,0.06280193236714976
43,0.06280193236714976
44,0.06280193236714976
45,0.06280193236714976
46,0.06280193236714976
47,0.06280193236714976
48,0.06280193236714976
49,0.06280193236714976
50,0.07246376811594203
51,0.07246376811594203
52,0.07246376811594203
53,0.07246376811594203
54,0.07246376811594203
55,0.07246376811594203
56,0.07246376811594203
