0,0.08695652173913043
1,0.10628019323671498
2,0.1111111111111111
3,0.12560386473429952
4,0.17391304347826086
5,0.17391304347826086
6,0.17391304347826086
7,0.17391304347826086
8,0.17391304347826086
9,0.17391304347826086
10,0.17391304347826086
11,0.17391304347826086
12,0.17391304347826086
13,0.18357487922705315
14,0.19806763285024154
15,0.19806763285024154
16,0.19806763285024154
17,0.19806763285024154
18,0.19806763285024154
19,0.2028985507246377
20,0.2028985507246377
21,0.2222222222222222
22,0.2222222222222222
23,0.2222222222222222
24,0.2222222222222222
25,0.2222222222222222
26,0.2222222222222222
27,0.2222222222222222
28,0.2222222222222222
29,0.2222222222222222
30,0.2222222222222222
31,0.2222222222222222
32,0.2222222222222222
33,0.2222222222222222
34,0.2222222222222222
35,0.2222222222222222
36,0.2222222222222222
37,0.2222222222222222
38,0.2222222222222222
39,0.2222222222222222
40,0.2222222222222222
41,0.2222222222222222
42,0.2222222222222222
43,0.2222222222222222
44,0.2222222222222222
45,0.2222222222222222
46,0.2222222222222222
47,0.2222222222222222
48,0.2222222222222222
49,0.22705314009661837
50,0.22705314009661837
51,0.22705314009661837
52,0.22705314009661837
53,0.22705314009661837
54,0.22705314009661837
55,0.22705314009661837
56,0.22705314009661837
57,0.22705314009661837
58,0.22705314009661837
59,0.22705314009661837
60,0.22705314009661837
61,0.22705314009661837
62,0.22705314009661837
63,0.22705314009661837
64,0.22705314009661837
65,0.22705314009661837
66,0.22705314009661837
67,0.22705314009661837
68,0.22705314009661837
69,0.22705314009661837
70,0.22705314009661837
71,0.22705314009661837
