0,0.014492753623188406
1,0.028985507246376812
2,0.057971014492753624
3,0.0966183574879227
4,0.12560386473429952
5,0.15942028985507245
6,0.15942028985507245
7,0.1642512077294686
8,0.1642512077294686
9,0.1642512077294686
10,0.1642512077294686
11,0.1642512077294686
12,0.1642512077294686
13,0.1642512077294686
14,0.1642512077294686
15,0.1642512077294686
16,0.18840579710144928
17,0.18840579710144928
18,0.18840579710144928
19,0.18840579710144928
20,0.18840579710144928
21,0.18840579710144928
22,0.18840579710144928
23,0.18840579710144928
24,0.18840579710144928
25,0.18840579710144928
26,0.18840579710144928
27,0.18840579710144928
28,0.1932367149758454
29,0.1932367149758454
30,0.1932367149758454
31,0.1932367149758454
32,0.1932367149758454
33,0.1932367149758454
34,0.1932367149758454
35,0.1932367149758454
36,0.19806763285024154
37,0.19806763285024154
38,0.19806763285024154
39,0.19806763285024154
40,0.19806763285024154
41,0.19806763285024154
42,0.19806763285024154
43,0.19806763285024154
44,0.19806763285024154
45,0.19806763285024154
46,0.19806763285024154
47,0.19806763285024154
48,0.19806763285024154
49,0.19806763285024154
50,0.19806763285024154
