0,0.00966183574879227
1,0.014492753623188406
2,0.014492753623188406
3,0.014492753623188406
4,0.014492753623188406
5,0.014492753623188406
6,0.014492753623188406
7,0.014492753623188406
8,0.01932367149758454
9,0.01932367149758454
10,0.01932367149758454
11,0.01932367149758454
12,0.01932367149758454
13,0.01932367149758454
14,0.01932367149758454
15,0.01932367149758454
16,0.01932367149758454
17,0.01932367149758454
18,0.01932367149758454
19,0.01932367149758454
20,0.01932367149758454
21,0.01932367149758454
22,0.01932367149758454
23,0.01932367149758454
24,0.01932367149758454
25,0.01932367149758454
26,0.01932367149758454
27,0.01932367149758454
28,0.01932367149758454
29,0.01932367149758454
30,0.01932367149758454
31,0.01932367149758454
32,0.01932367149758454
33,0.01932367149758454
34,0.01932367149758454
35,0.01932367149758454
36,0.01932367149758454
37,0.01932367149758454
38,0.01932367149758454
39,0.01932367149758454
40,0.024154589371980676
41,0.028985507246376812
42,0.033816425120772944
43,0.033816425120772944
44,0.033816425120772944
45,0.033816425120772944
46,0.03864734299516908
47,0.03864734299516908
48,0.03864734299516908
49,0.03864734299516908
50,0.03864734299516908
51,0.043478260869565216
52,0.043478260869565216
53,0.043478260869565216
54,0.043478260869565216
55,0.043478260869565216
56,0.043478260869565216
57,0.043478260869565216
58,0.043478260869565216
59,0.04830917874396135
60,0.04830917874396135
61,0.04830917874396135
62,0.04830917874396135
63,0.04830917874396135
64,0.04830917874396135
65,0.04830917874396135
66,0.04830917874396135
67,0.04830917874396135
68,0.04830917874396135
69,0.04830917874396135
70,0.04830917874396135
71,0.04830917874396135
72,0.04830917874396135
73,0.04830917874396135
74,0.04830917874396135
75,0.04830917874396135
76,0.04830917874396135
77,0.04830917874396135
78,0.04830917874396135
