0,0.024154589371980676
1,0.043478260869565216
2,0.07246376811594203
3,0.08695652173913043
4,0.10628019323671498
5,0.1111111111111111
6,0.15942028985507245
7,0.15942028985507245
8,0.15942028985507245
9,0.15942028985507245
10,0.15942028985507245
11,0.15942028985507245
12,0.1642512077294686
13,0.1642512077294686
14,0.1642512077294686
15,0.1642512077294686
16,0.1642512077294686
17,0.1642512077294686
18,0.1642512077294686
19,0.1642512077294686
20,0.1642512077294686
21,0.1642512077294686
22,0.1642512077294686
23,0.1642512077294686
24,0.1642512077294686
25,0.1642512077294686
26,0.1642512077294686
27,0.1642512077294686
28,0.1642512077294686
29,0.1642512077294686
30,0.16908212560386474
31,0.17391304347826086
32,0.17391304347826086
33,0.17391304347826086
34,0.17391304347826086
