0,0.014492753623188406
1,0.024154589371980676
2,0.03864734299516908
3,0.06763285024154589
4,0.06763285024154589
5,0.08695652173913043
6,0.09178743961352658
7,0.10628019323671498
8,0.1111111111111111
9,0.1111111111111111
10,0.1111111111111111
11,0.1111111111111111
12,0.1111111111111111
13,0.11594202898550725
14,0.11594202898550725
15,0.11594202898550725
16,0.11594202898550725
17,0.11594202898550725
18,0.11594202898550725
19,0.11594202898550725
20,0.11594202898550725
21,0.11594202898550725
22,0.12077294685990338
23,0.12077294685990338
24,0.12077294685990338
25,0.12077294685990338
26,0.12077294685990338
27,0.12077294685990338
28,0.12077294685990338
29,0.12077294685990338
