0,0.0
1,0.0
2,0.0
3,0.00966183574879227
4,0.00966183574879227
5,0.00966183574879227
6,0.00966183574879227
7,0.00966183574879227
8,0.043478260869565216
9,0.043478260869565216
10,0.05314009661835749
11,0.07246376811594203
12,0.10628019323671498
13,0.10628019323671498
14,0.10628019323671498
15,0.12077294685990338
16,0.12077294685990338
17,0.12077294685990338
18,0.12077294685990338
19,0.12077294685990338
20,0.12077294685990338
21,0.12077294685990338
22,0.12077294685990338
23,0.12077294685990338
24,0.16908212560386474
25,0.16908212560386474
26,0.16908212560386474
27,0.16908212560386474
28,0.16908212560386474
29,0.16908212560386474
30,0.16908212560386474
31,0.16908212560386474
32,0.16908212560386474
33,0.16908212560386474
34,0.16908212560386474
35,0.16908212560386474
36,0.16908212560386474
37,0.16908212560386474
38,0.16908212560386474
39,0.16908212560386474
40,0.16908212560386474
41,0.16908212560386474
42,0.16908212560386474
43,0.16908212560386474
44,0.16908212560386474
45,0.16908212560386474
46,0.16908212560386474
47,0.16908212560386474
48,0.16908212560386474
49,0.16908212560386474
50,0.16908212560386474
51,0.16908212560386474
52,0.16908212560386474
53,0.16908212560386474
54,0.16908212560386474
55,0.16908212560386474
56,0.16908212560386474
57,0.16908212560386474
58,0.16908212560386474
59,0.16908212560386474
60,0.16908212560386474
61,0.16908212560386474
62,0.16908212560386474
63,0.16908212560386474
64,0.16908212560386474
65,0.16908212560386474
66,0.16908212560386474
67,0.16908212560386474
68,0.16908212560386474
69,0.16908212560386474
70,0.16908212560386474
71,0.16908212560386474
72,0.16908212560386474
73,0.16908212560386474
74,0.16908212560386474
75,0.16908212560386474
76,0.16908212560386474
77,0.16908212560386474
78,0.16908212560386474
79,0.16908212560386474
80,0.16908212560386474
81,0.16908212560386474
82,0.16908212560386474
83,0.16908212560386474
84,0.16908212560386474
