0,0.0
1,0.0
2,0.0
3,0.0
4,0.0
5,0.0
6,0.0
7,0.0
8,0.0
9,0.0
10,0.014492753623188406
11,0.014492753623188406
12,0.014492753623188406
13,0.014492753623188406
14,0.014492753623188406
15,0.014492753623188406
16,0.024154589371980676
17,0.024154589371980676
18,0.033816425120772944
19,0.03864734299516908
20,0.07246376811594203
21,0.0821256038647343
22,0.08695652173913043
23,0.0966183574879227
24,0.0966183574879227
25,0.0966183574879227
26,0.0966183574879227
27,0.0966183574879227
28,0.0966183574879227
29,0.10144927536231885
30,0.10628019323671498
31,0.1111111111111111
32,0.1111111111111111
33,0.1111111111111111
34,0.1111111111111111
35,0.11594202898550725
36,0.11594202898550725
37,0.12077294685990338
38,0.12077294685990338
39,0.12077294685990338
40,0.12077294685990338
41,0.12077294685990338
42,0.12077294685990338
43,0.12077294685990338
44,0.12077294685990338
45,0.12077294685990338
46,0.12077294685990338
47,0.12077294685990338
48,0.12077294685990338
49,0.12560386473429952
50,0.12560386473429952
51,0.12560386473429952
52,0.14009661835748793
53,0.14009661835748793
54,0.14009661835748793
55,0.1497584541062802
56,0.1497584541062802
57,0.1497584541062802
58,0.1497584541062802
59,0.1497584541062802
60,0.1497584541062802
61,0.1497584541062802
62,0.1497584541062802
