0,0.0
1,0.0
2,0.0
3,0.0
4,0.0
5,0.0
6,0.0
7,0.0
8,0.0
9,0.0
10,0.0
11,0.00966183574879227
12,0.00966183574879227
13,0.00966183574879227
14,0.00966183574879227
15,0.00966183574879227
16,0.00966183574879227
17,0.00966183574879227
18,0.00966183574879227
19,0.00966183574879227
20,0.00966183574879227
21,0.00966183574879227
22,0.00966183574879227
23,0.00966183574879227
24,0.00966183574879227
25,0.00966183574879227
26,0.00966183574879227
27,0.00966183574879227
28,0.00966183574879227
29,0.00966183574879227
30,0.00966183574879227
31,0.00966183574879227
32,0.00966183574879227
33,0.00966183574879227
34,0.00966183574879227
35,0.00966183574879227
36,0.00966183574879227
37,0.00966183574879227
38,0.00966183574879227
39,0.00966183574879227
40,0.00966183574879227
41,0.00966183574879227
42,0.00966183574879227
43,0.00966183574879227
44,0.00966183574879227
45,0.00966183574879227
46,0.014492753623188406
47,0.014492753623188406
48,0.10628019323671498
49,0.10628019323671498
50,0.12560386473429952
51,0.12560386473429952
52,0.15458937198067632
53,0.15942028985507245
54,0.15942028985507245
55,0.15942028985507245
56,0.16908212560386474
57,0.16908212560386474
58,0.16908212560386474
59,0.178743961352657
60,0.178743961352657
61,0.178743961352657
62,0.178743961352657
63,0.178743961352657
64,0.178743961352657
65,0.178743961352657
66,0.178743961352657
67,0.18357487922705315
68,0.18357487922705315
69,0.18357487922705315
70,0.18357487922705315
71,0.18357487922705315
72,0.18357487922705315
73,0.18357487922705315
74,0.18357487922705315
75,0.18357487922705315
76,0.18357487922705315
77,0.18357487922705315
78,0.18357487922705315
79,0.18357487922705315
80,0.18357487922705315
81,0.18357487922705315
82,0.18357487922705315
83,0.18840579710144928
84,0.1932367149758454
85,0.1932367149758454
86,0.1932367149758454
87,0.1932367149758454
88,0.1932367149758454
89,0.1932367149758454
90,0.1932367149758454
91,0.1932367149758454
92,0.1932367149758454
93,0.1932367149758454
94,0.1932367149758454
95,0.1932367149758454
96,0.1932367149758454
97,0.1932367149758454
98,0.1932367149758454
99,0.1932367149758454
100,0.1932367149758454
