0,0.024154589371980676
1,0.024154589371980676
2,0.024154589371980676
3,0.024154589371980676
4,0.024154589371980676
5,0.024154589371980676
6,0.024154589371980676
7,0.024154589371980676
8,0.024154589371980676
9,0.024154589371980676
10,0.024154589371980676
11,0.024154589371980676
12,0.024154589371980676
13,0.024154589371980676
14,0.024154589371980676
15,0.024154589371980676
16,0.024154589371980676
17,0.024154589371980676
18,0.024154589371980676
19,0.024154589371980676
20,0.024154589371980676
21,0.024154589371980676
22,0.024154589371980676
23,0.024154589371980676
24,0.024154589371980676
25,0.024154589371980676
26,0.024154589371980676
27,0.024154589371980676
28,0.024154589371980676
29,0.024154589371980676
30,0.024154589371980676
31,0.024154589371980676
32,0.024154589371980676
33,0.024154589371980676
34,0.024154589371980676
35,0.024154589371980676
36,0.024154589371980676
37,0.024154589371980676
38,0.024154589371980676
39,0.024154589371980676
40,0.024154589371980676
41,0.024154589371980676
42,0.024154589371980676
43,0.024154589371980676
44,0.024154589371980676
45,0.024154589371980676
46,0.024154589371980676
47,0.024154589371980676
48,0.024154589371980676
49,0.024154589371980676
50,0.024154589371980676
51,0.024154589371980676
52,0.024154589371980676
53,0.024154589371980676
54,0.024154589371980676
55,0.024154589371980676
56,0.024154589371980676
57,0.024154589371980676
58,0.024154589371980676
59,0.024154589371980676
60,0.024154589371980676
61,0.024154589371980676
62,0.024154589371980676
63,0.024154589371980676
64,0.024154589371980676
65,0.024154589371980676
66,0.024154589371980676
67,0.024154589371980676
68,0.024154589371980676
69,0.024154589371980676
70,0.024154589371980676
71,0.024154589371980676
72,0.024154589371980676
73,0.024154589371980676
74,0.024154589371980676
75,0.024154589371980676
76,0.024154589371980676
77,0.024154589371980676
78,0.024154589371980676
79,0.024154589371980676
80,0.024154589371980676
81,0.024154589371980676
82,0.024154589371980676
83,0.024154589371980676
84,0.024154589371980676
85,0.024154589371980676
86,0.024154589371980676
87,0.024154589371980676
88,0.024154589371980676
89,0.024154589371980676
90,0.024154589371980676
91,0.024154589371980676
92,0.024154589371980676
93,0.024154589371980676
94,0.024154589371980676
95,0.024154589371980676
96,0.024154589371980676
97,0.024154589371980676
98,0.024154589371980676
99,0.024154589371980676
100,0.024154589371980676
