0,0.014492753623188406
1,0.01932367149758454
2,0.01932367149758454
3,0.01932367149758454
4,0.01932367149758454
5,0.01932367149758454
6,0.01932367149758454
7,0.01932367149758454
8,0.01932367149758454
9,0.01932367149758454
10,0.01932367149758454
11,0.01932367149758454
12,0.01932367149758454
13,0.01932367149758454
14,0.024154589371980676
15,0.028985507246376812
16,0.028985507246376812
17,0.028985507246376812
18,0.028985507246376812
19,0.028985507246376812
20,0.028985507246376812
21,0.028985507246376812
22,0.028985507246376812
23,0.028985507246376812
24,0.028985507246376812
25,0.028985507246376812
26,0.033816425120772944
27,0.033816425120772944
28,0.033816425120772944
29,0.033816425120772944
30,0.033816425120772944
31,0.033816425120772944
32,0.033816425120772944
33,0.033816425120772944
34,0.033816425120772944
35,0.033816425120772944
36,0.033816425120772944
37,0.033816425120772944
38,0.033816425120772944
39,0.033816425120772944
40,0.03864734299516908
41,0.03864734299516908
42,0.03864734299516908
43,0.03864734299516908
44,0.03864734299516908
45,0.03864734299516908
46,0.03864734299516908
47,0.03864734299516908
48,0.03864734299516908
49,0.03864734299516908
50,0.03864734299516908
51,0.03864734299516908
52,0.03864734299516908
53,0.03864734299516908
54,0.043478260869565216
55,0.043478260869565216
56,0.043478260869565216
57,0.043478260869565216
58,0.043478260869565216
59,0.043478260869565216
60,0.043478260869565216
61,0.043478260869565216
62,0.043478260869565216
63,0.043478260869565216
64,0.043478260869565216
65,0.043478260869565216
66,0.043478260869565216
67,0.043478260869565216
68,0.043478260869565216
69,0.043478260869565216
70,0.043478260869565216
71,0.043478260869565216
72,0.043478260869565216
73,0.043478260869565216
74,0.043478260869565216
75,0.043478260869565216
76,0.043478260869565216
77,0.043478260869565216
78,0.05314009661835749
79,0.05314009661835749
80,0.05314009661835749
81,0.05314009661835749
82,0.05314009661835749
83,0.05314009661835749
84,0.05314009661835749
85,0.05314009661835749
86,0.05314009661835749
87,0.05314009661835749
88,0.05314009661835749
89,0.05314009661835749
90,0.05314009661835749
91,0.05314009661835749
92,0.05314009661835749
93,0.05314009661835749
94,0.05314009661835749
95,0.05314009661835749
96,0.05314009661835749
97,0.057971014492753624
98,0.057971014492753624
99,0.057971014492753624
