0,0.00966183574879227
1,0.00966183574879227
2,0.014492753623188406
3,0.014492753623188406
4,0.014492753623188406
5,0.01932367149758454
6,0.01932367149758454
7,0.024154589371980676
8,0.028985507246376812
9,0.028985507246376812
10,0.028985507246376812
11,0.028985507246376812
12,0.028985507246376812
13,0.028985507246376812
14,0.028985507246376812
15,0.033816425120772944
16,0.033816425120772944
17,0.033816425120772944
18,0.03864734299516908
19,0.03864734299516908
20,0.03864734299516908
21,0.043478260869565216
22,0.04830917874396135
23,0.07729468599033816
24,0.07729468599033816
25,0.08695652173913043
26,0.08695652173913043
27,0.08695652173913043
28,0.08695652173913043
29,0.08695652173913043
30,0.08695652173913043
31,0.08695652173913043
32,0.08695652173913043
33,0.08695652173913043
34,0.08695652173913043
35,0.08695652173913043
36,0.08695652173913043
37,0.08695652173913043
38,0.08695652173913043
39,0.08695652173913043
40,0.08695652173913043
41,0.08695652173913043
42,0.08695652173913043
43,0.08695652173913043
44,0.08695652173913043
45,0.08695652173913043
46,0.08695652173913043
47,0.08695652173913043
48,0.08695652173913043
49,0.11594202898550725
50,0.11594202898550725
51,0.11594202898550725
52,0.11594202898550725
53,0.11594202898550725
54,0.11594202898550725
55,0.11594202898550725
56,0.11594202898550725
57,0.11594202898550725
58,0.11594202898550725
59,0.11594202898550725
60,0.11594202898550725
61,0.11594202898550725
62,0.11594202898550725
63,0.11594202898550725
64,0.11594202898550725
65,0.11594202898550725
66,0.13043478260869565
67,0.13043478260869565
68,0.13043478260869565
69,0.13043478260869565
70,0.13043478260869565
71,0.13043478260869565
72,0.13043478260869565
73,0.13043478260869565
74,0.13043478260869565
75,0.13043478260869565
