0,0.0
1,0.0
2,0.0
3,0.0
4,0.0
5,0.0
6,0.0
7,0.0
8,0.0
9,0.0
10,0.014492753623188406
11,0.014492753623188406
12,0.014492753623188406
13,0.014492753623188406
14,0.014492753623188406
15,0.014492753623188406
16,0.014492753623188406
17,0.014492753623188406
18,0.014492753623188406
19,0.014492753623188406
20,0.014492753623188406
21,0.014492753623188406
22,0.014492753623188406
23,0.014492753623188406
24,0.014492753623188406
25,0.014492753623188406
26,0.014492753623188406
27,0.014492753623188406
28,0.014492753623188406
29,0.014492753623188406
30,0.014492753623188406
31,0.014492753623188406
32,0.014492753623188406
33,0.014492753623188406
34,0.014492753623188406
35,0.014492753623188406
36,0.014492753623188406
37,0.014492753623188406
38,0.014492753623188406
39,0.014492753623188406
40,0.014492753623188406
41,0.014492753623188406
42,0.014492753623188406
43,0.014492753623188406
44,0.01932367149758454
45,0.033816425120772944
46,0.033816425120772944
47,0.033816425120772944
48,0.043478260869565216
49,0.04830917874396135
50,0.06280193236714976
51,0.06280193236714976
52,0.06280193236714976
53,0.06763285024154589
54,0.06763285024154589
55,0.06763285024154589
56,0.06763285024154589
57,0.06763285024154589
58,0.06763285024154589
59,0.06763285024154589
60,0.06763285024154589
61,0.06763285024154589
62,0.06763285024154589
63,0.06763285024154589
64,0.06763285024154589
65,0.07246376811594203
66,0.07246376811594203
67,0.07246376811594203
68,0.07246376811594203
69,0.07246376811594203
70,0.07246376811594203
71,0.07246376811594203
72,0.07246376811594203
73,0.07246376811594203
74,0.07246376811594203
75,0.07246376811594203
76,0.07246376811594203
77,0.07246376811594203
78,0.07246376811594203
79,0.07246376811594203
80,0.07246376811594203
81,0.07246376811594203
82,0.07246376811594203
83,0.07246376811594203
84,0.07246376811594203
85,0.07246376811594203
86,0.07246376811594203
87,0.07246376811594203
88,0.07246376811594203
89,0.07246376811594203
90,0.07246376811594203
91,0.07246376811594203
92,0.07246376811594203
93,0.07246376811594203
94,0.07246376811594203
95,0.07246376811594203
96,0.07246376811594203
97,0.07246376811594203
98,0.07246376811594203
99,0.07246376811594203
100,0.07246376811594203
