0,0.00966183574879227
1,0.00966183574879227
2,0.014492753623188406
3,0.014492753623188406
4,0.014492753623188406
5,0.014492753623188406
6,0.014492753623188406
7,0.014492753623188406
8,0.014492753623188406
9,0.014492753623188406
10,0.014492753623188406
11,0.014492753623188406
12,0.014492753623188406
13,0.014492753623188406
14,0.014492753623188406
15,0.014492753623188406
16,0.014492753623188406
17,0.014492753623188406
18,0.014492753623188406
19,0.014492753623188406
20,0.014492753623188406
21,0.01932367149758454
22,0.01932367149758454
23,0.01932367149758454
24,0.01932367149758454
25,0.01932367149758454
26,0.01932367149758454
27,0.028985507246376812
28,0.028985507246376812
29,0.028985507246376812
30,0.028985507246376812
31,0.028985507246376812
32,0.028985507246376812
33,0.028985507246376812
34,0.028985507246376812
35,0.03864734299516908
36,0.03864734299516908
37,0.03864734299516908
38,0.03864734299516908
39,0.043478260869565216
40,0.043478260869565216
41,0.043478260869565216
42,0.07729468599033816
43,0.07729468599033816
44,0.07729468599033816
45,0.07729468599033816
46,0.07729468599033816
47,0.07729468599033816
48,0.07729468599033816
49,0.07729468599033816
50,0.07729468599033816
51,0.07729468599033816
52,0.07729468599033816
53,0.07729468599033816
54,0.07729468599033816
55,0.07729468599033816
56,0.07729468599033816
57,0.07729468599033816
58,0.07729468599033816
59,0.07729468599033816
60,0.07729468599033816
61,0.07729468599033816
62,0.07729468599033816
63,0.07729468599033816
64,0.07729468599033816
65,0.07729468599033816
66,0.07729468599033816
67,0.07729468599033816
68,0.07729468599033816
69,0.07729468599033816
70,0.07729468599033816
71,0.07729468599033816
72,0.07729468599033816
73,0.07729468599033816
74,0.07729468599033816
75,0.07729468599033816
76,0.07729468599033816
77,0.07729468599033816
78,0.07729468599033816
79,0.07729468599033816
80,0.07729468599033816
81,0.07729468599033816
82,0.07729468599033816
83,0.07729468599033816
84,0.07729468599033816
85,0.07729468599033816
86,0.07729468599033816
87,0.07729468599033816
88,0.07729468599033816
89,0.07729468599033816
90,0.07729468599033816
91,0.07729468599033816
92,0.07729468599033816
93,0.07729468599033816
94,0.07729468599033816
95,0.07729468599033816
96,0.07729468599033816
97,0.07729468599033816
98,0.07729468599033816
99,0.07729468599033816
100,0.07729468599033816
