0,0.024154589371980676
1,0.11594202898550725
2,0.15458937198067632
3,0.15458937198067632
4,0.2028985507246377
5,0.22705314009661837
6,0.2318840579710145
7,0.2318840579710145
8,0.2318840579710145
9,0.2318840579710145
10,0.23671497584541062
11,0.23671497584541062
12,0.23671497584541062
13,0.23671497584541062
14,0.23671497584541062
15,0.23671497584541062
16,0.23671497584541062
17,0.23671497584541062
18,0.23671497584541062
19,0.23671497584541062
20,0.23671497584541062
21,0.23671497584541062
22,0.24154589371980675
23,0.24154589371980675
24,0.24154589371980675
25,0.24154589371980675
26,0.24154589371980675
27,0.24154589371980675
28,0.24154589371980675
29,0.24154589371980675
30,0.24154589371980675
31,0.24154589371980675
32,0.24154589371980675
33,0.24154589371980675
34,0.24154589371980675
35,0.24154589371980675
36,0.24154589371980675
37,0.24154589371980675
38,0.24154589371980675
39,0.24154589371980675
40,0.24154589371980675
41,0.24154589371980675
42,0.24154589371980675
43,0.24154589371980675
44,0.24154589371980675
45,0.24154589371980675
46,0.2463768115942029
47,0.2463768115942029
48,0.2463768115942029
49,0.2463768115942029
50,0.2463768115942029
51,0.2560386473429952
52,0.26570048309178745
53,0.26570048309178745
54,0.26570048309178745
55,0.27053140096618356
56,0.27053140096618356
57,0.2753623188405797
58,0.2753623188405797
59,0.2753623188405797
60,0.2753623188405797
61,0.2753623188405797
62,0.2753623188405797
63,0.2753623188405797
64,0.2753623188405797
65,0.2753623188405797
66,0.2753623188405797
67,0.2753623188405797
68,0.2753623188405797
69,0.2753623188405797
70,0.2753623188405797
71,0.2753623188405797
72,0.2753623188405797
73,0.2753623188405797
74,0.2753623188405797
75,0.2753623188405797
76,0.2753623188405797
77,0.2753623188405797
78,0.2753623188405797
79,0.2753623188405797
80,0.2753623188405797
81,0.2753623188405797
82,0.2753623188405797
83,0.2753623188405797
84,0.2753623188405797
