0,0.00966183574879227
1,0.00966183574879227
2,0.00966183574879227
3,0.00966183574879227
4,0.00966183574879227
5,0.00966183574879227
6,0.00966183574879227
7,0.024154589371980676
8,0.024154589371980676
9,0.024154589371980676
10,0.024154589371980676
11,0.024154589371980676
12,0.024154589371980676
13,0.024154589371980676
14,0.028985507246376812
15,0.028985507246376812
16,0.028985507246376812
17,0.033816425120772944
18,0.033816425120772944
19,0.033816425120772944
20,0.033816425120772944
21,0.033816425120772944
22,0.033816425120772944
23,0.10144927536231885
24,0.1111111111111111
25,0.1111111111111111
26,0.11594202898550725
27,0.12077294685990338
28,0.13526570048309178
29,0.14492753623188406
30,0.14492753623188406
31,0.18357487922705315
32,0.18357487922705315
33,0.18357487922705315
34,0.18840579710144928
35,0.18840579710144928
36,0.1932367149758454
37,0.1932367149758454
38,0.19806763285024154
39,0.2028985507246377
40,0.2028985507246377
41,0.2028985507246377
42,0.2028985507246377
43,0.2028985507246377
44,0.2028985507246377
45,0.2028985507246377
46,0.2028985507246377
47,0.2028985507246377
48,0.2028985507246377
49,0.2028985507246377
50,0.2028985507246377
51,0.2028985507246377
52,0.20772946859903382
53,0.20772946859903382
54,0.20772946859903382
55,0.20772946859903382
56,0.20772946859903382
57,0.20772946859903382
