0,0.024154589371980676
1,0.024154589371980676
2,0.024154589371980676
3,0.024154589371980676
4,0.028985507246376812
5,0.028985507246376812
6,0.028985507246376812
7,0.028985507246376812
8,0.028985507246376812
9,0.028985507246376812
10,0.028985507246376812
11,0.028985507246376812
12,0.028985507246376812
13,0.028985507246376812
14,0.028985507246376812
15,0.028985507246376812
16,0.028985507246376812
17,0.028985507246376812
18,0.028985507246376812
19,0.028985507246376812
20,0.028985507246376812
21,0.028985507246376812
22,0.028985507246376812
23,0.028985507246376812
24,0.028985507246376812
25,0.028985507246376812
26,0.028985507246376812
27,0.028985507246376812
28,0.028985507246376812
29,0.028985507246376812
30,0.028985507246376812
31,0.028985507246376812
32,0.028985507246376812
33,0.028985507246376812
34,0.028985507246376812
35,0.028985507246376812
36,0.028985507246376812
37,0.028985507246376812
38,0.028985507246376812
39,0.028985507246376812
40,0.028985507246376812
41,0.028985507246376812
42,0.028985507246376812
43,0.028985507246376812
44,0.028985507246376812
45,0.028985507246376812
46,0.028985507246376812
47,0.028985507246376812
48,0.028985507246376812
49,0.033816425120772944
50,0.033816425120772944
51,0.033816425120772944
52,0.033816425120772944
53,0.033816425120772944
54,0.033816425120772944
55,0.033816425120772944
56,0.033816425120772944
57,0.033816425120772944
58,0.033816425120772944
59,0.033816425120772944
60,0.033816425120772944
61,0.033816425120772944
62,0.033816425120772944
63,0.033816425120772944
64,0.033816425120772944
65,0.033816425120772944
66,0.033816425120772944
67,0.033816425120772944
68,0.033816425120772944
69,0.033816425120772944
70,0.033816425120772944
71,0.033816425120772944
72,0.033816425120772944
73,0.033816425120772944
74,0.033816425120772944
75,0.033816425120772944
76,0.033816425120772944
77,0.033816425120772944
78,0.033816425120772944
79,0.033816425120772944
80,0.033816425120772944
81,0.033816425120772944
82,0.033816425120772944
83,0.033816425120772944
84,0.033816425120772944
85,0.033816425120772944
86,0.033816425120772944
87,0.033816425120772944
88,0.033816425120772944
89,0.033816425120772944
90,0.033816425120772944
91,0.033816425120772944
92,0.033816425120772944
93,0.033816425120772944
94,0.033816425120772944
95,0.033816425120772944
96,0.033816425120772944
97,0.033816425120772944
98,0.033816425120772944
99,0.033816425120772944
100,0.033816425120772944
