0,0.028985507246376812
1,0.028985507246376812
2,0.033816425120772944
3,0.07246376811594203
4,0.07246376811594203
5,0.07729468599033816
6,0.0821256038647343
7,0.08695652173913043
8,0.08695652173913043
9,0.09178743961352658
10,0.09178743961352658
11,0.09178743961352658
12,0.09178743961352658
13,0.09178743961352658
14,0.09178743961352658
15,0.09178743961352658
16,0.09178743961352658
17,0.0966183574879227
18,0.0966183574879227
19,0.0966183574879227
20,0.0966183574879227
21,0.0966183574879227
22,0.0966183574879227
23,0.0966183574879227
24,0.0966183574879227
25,0.0966183574879227
26,0.0966183574879227
27,0.10144927536231885
28,0.10144927536231885
29,0.10144927536231885
30,0.12560386473429952
31,0.12560386473429952
32,0.12560386473429952
33,0.12560386473429952
34,0.12560386473429952
35,0.12560386473429952
36,0.12560386473429952
37,0.12560386473429952
38,0.12560386473429952
39,0.12560386473429952
40,0.12560386473429952
41,0.12560386473429952
42,0.12560386473429952
43,0.12560386473429952
44,0.12560386473429952
45,0.12560386473429952
46,0.12560386473429952
47,0.12560386473429952
48,0.12560386473429952
49,0.12560386473429952
50,0.12560386473429952
51,0.12560386473429952
52,0.12560386473429952
53,0.12560386473429952
54,0.12560386473429952
55,0.12560386473429952
56,0.12560386473429952
57,0.12560386473429952
58,0.12560386473429952
59,0.12560386473429952
60,0.12560386473429952
61,0.12560386473429952
62,0.12560386473429952
63,0.12560386473429952
64,0.12560386473429952
65,0.12560386473429952
66,0.12560386473429952
67,0.12560386473429952
68,0.12560386473429952
69,0.12560386473429952
70,0.12560386473429952
71,0.12560386473429952
72,0.12560386473429952
73,0.12560386473429952
74,0.12560386473429952
75,0.12560386473429952
76,0.12560386473429952
