0,0.033816425120772944
1,0.043478260869565216
2,0.04830917874396135
3,0.057971014492753624
4,0.07729468599033816
5,0.07729468599033816
6,0.0821256038647343
7,0.0821256038647343
8,0.0821256038647343
9,0.10628019323671498
10,0.10628019323671498
11,0.10628019323671498
12,0.15942028985507245
13,0.15942028985507245
14,0.15942028985507245
15,0.15942028985507245
16,0.15942028985507245
17,0.15942028985507245
18,0.15942028985507245
19,0.15942028985507245
20,0.15942028985507245
21,0.15942028985507245
22,0.15942028985507245
23,0.15942028985507245
24,0.1642512077294686
25,0.1642512077294686
26,0.1642512077294686
27,0.1642512077294686
28,0.1642512077294686
29,0.1642512077294686
30,0.1642512077294686
31,0.1642512077294686
32,0.1642512077294686
33,0.16908212560386474
34,0.16908212560386474
35,0.16908212560386474
36,0.16908212560386474
37,0.16908212560386474
38,0.16908212560386474
39,0.16908212560386474
40,0.16908212560386474
41,0.16908212560386474
42,0.16908212560386474
43,0.16908212560386474
44,0.16908212560386474
45,0.16908212560386474
46,0.16908212560386474
47,0.16908212560386474
48,0.16908212560386474
49,0.16908212560386474
50,0.16908212560386474
