0,0.00966183574879227
1,0.014492753623188406
2,0.014492753623188406
3,0.014492753623188406
4,0.014492753623188406
5,0.014492753623188406
6,0.024154589371980676
7,0.028985507246376812
8,0.033816425120772944
9,0.033816425120772944
10,0.04830917874396135
11,0.04830917874396135
12,0.06280193236714976
13,0.07729468599033816
14,0.08695652173913043
15,0.09178743961352658
16,0.09178743961352658
17,0.09178743961352658
18,0.09178743961352658
19,0.09178743961352658
20,0.0966183574879227
21,0.1111111111111111
22,0.1111111111111111
23,0.1111111111111111
24,0.1111111111111111
25,0.1111111111111111
26,0.1111111111111111
27,0.12560386473429952
28,0.12560386473429952
29,0.12560386473429952
30,0.12560386473429952
31,0.12560386473429952
32,0.12560386473429952
33,0.12560386473429952
34,0.12560386473429952
35,0.12560386473429952
36,0.13043478260869565
37,0.13043478260869565
38,0.13043478260869565
39,0.13043478260869565
40,0.13043478260869565
41,0.13043478260869565
42,0.13043478260869565
43,0.13043478260869565
44,0.13043478260869565
45,0.13043478260869565
46,0.13043478260869565
47,0.13043478260869565
48,0.13043478260869565
49,0.13043478260869565
50,0.13043478260869565
51,0.13043478260869565
52,0.13043478260869565
