0,0.028985507246376812
1,0.028985507246376812
2,0.06280193236714976
3,0.08695652173913043
4,0.10628019323671498
5,0.13043478260869565
6,0.14009661835748793
7,0.14009661835748793
8,0.14009661835748793
9,0.14009661835748793
10,0.1497584541062802
11,0.1497584541062802
12,0.1497584541062802
13,0.1497584541062802
14,0.1497584541062802
15,0.1497584541062802
16,0.1497584541062802
17,0.1497584541062802
18,0.1497584541062802
19,0.1497584541062802
20,0.1497584541062802
21,0.1497584541062802
22,0.1497584541062802
23,0.1497584541062802
24,0.1497584541062802
25,0.1497584541062802
26,0.1497584541062802
27,0.1497584541062802
28,0.1497584541062802
29,0.1497584541062802
30,0.1497584541062802
31,0.1497584541062802
32,0.1497584541062802
33,0.1497584541062802
34,0.1497584541062802
35,0.1497584541062802
36,0.1497584541062802
37,0.1497584541062802
38,0.1497584541062802
39,0.1497584541062802
40,0.1497584541062802
41,0.1497584541062802
42,0.1497584541062802
43,0.1497584541062802
44,0.1497584541062802
45,0.1497584541062802
46,0.1497584541062802
47,0.1497584541062802
48,0.1497584541062802
49,0.1497584541062802
50,0.1497584541062802
51,0.1497584541062802
52,0.1497584541062802
53,0.1497584541062802
54,0.1497584541062802
55,0.1497584541062802
56,0.1497584541062802
57,0.1497584541062802
58,0.1497584541062802
59,0.1497584541062802
60,0.1497584541062802
61,0.1497584541062802
62,0.1497584541062802
63,0.1497584541062802
64,0.1497584541062802
65,0.1497584541062802
66,0.1497584541062802
67,0.1497584541062802
68,0.1497584541062802
69,0.1497584541062802
70,0.1497584541062802
71,0.1497584541062802
72,0.1497584541062802
