0,0.0
1,0.0
2,0.0
3,0.0
4,0.0
5,0.0
6,0.0
7,0.0
8,0.0
9,0.0
10,0.0
11,0.0
12,0.0
13,0.0
14,0.0
15,0.0
16,0.0
17,0.0
18,0.0
19,0.00966183574879227
20,0.00966183574879227
21,0.00966183574879227
22,0.00966183574879227
23,0.00966183574879227
24,0.00966183574879227
25,0.00966183574879227
26,0.00966183574879227
27,0.024154589371980676
28,0.024154589371980676
29,0.024154589371980676
30,0.024154589371980676
31,0.05314009661835749
32,0.05314009661835749
33,0.13043478260869565
34,0.13043478260869565
35,0.14009661835748793
36,0.14009661835748793
37,0.14009661835748793
38,0.14009661835748793
39,0.18357487922705315
40,0.18357487922705315
41,0.18357487922705315
42,0.1932367149758454
43,0.1932367149758454
44,0.1932367149758454
45,0.1932367149758454
46,0.1932367149758454
47,0.1932367149758454
48,0.21739130434782608
49,0.21739130434782608
50,0.21739130434782608
51,0.21739130434782608
52,0.21739130434782608
53,0.23671497584541062
54,0.23671497584541062
55,0.23671497584541062
56,0.23671497584541062
57,0.23671497584541062
58,0.23671497584541062
59,0.23671497584541062
60,0.23671497584541062
61,0.23671497584541062
62,0.23671497584541062
63,0.23671497584541062
64,0.23671497584541062
65,0.23671497584541062
66,0.23671497584541062
67,0.23671497584541062
68,0.23671497584541062
69,0.23671497584541062
70,0.23671497584541062
71,0.23671497584541062
72,0.23671497584541062
73,0.23671497584541062
74,0.23671497584541062
