0,0.043478260869565216
1,0.06280193236714976
2,0.0966183574879227
3,0.1111111111111111
4,0.13526570048309178
5,0.14492753623188406
6,0.14492753623188406
7,0.14492753623188406
8,0.14492753623188406
9,0.14492753623188406
10,0.14492753623188406
11,0.14492753623188406
12,0.14492753623188406
13,0.14492753623188406
14,0.14492753623188406
15,0.1932367149758454
16,0.1932367149758454
17,0.1932367149758454
18,0.1932367149758454
19,0.1932367149758454
20,0.1932367149758454
21,0.1932367149758454
22,0.1932367149758454
23,0.1932367149758454
24,0.1932367149758454
25,0.1932367149758454
26,0.1932367149758454
27,0.1932367149758454
28,0.1932367149758454
29,0.1932367149758454
30,0.1932367149758454
31,0.1932367149758454
32,0.1932367149758454
33,0.1932367149758454
34,0.1932367149758454
35,0.1932367149758454
36,0.1932367149758454
37,0.1932367149758454
38,0.1932367149758454
39,0.1932367149758454
40,0.1932367149758454
41,0.1932367149758454
42,0.1932367149758454
43,0.1932367149758454
44,0.1932367149758454
45,0.1932367149758454
46,0.1932367149758454
47,0.1932367149758454
48,0.1932367149758454
49,0.1932367149758454
50,0.1932367149758454
51,0.1932367149758454
52,0.1932367149758454
53,0.1932367149758454
54,0.1932367149758454
55,0.1932367149758454
56,0.1932367149758454
57,0.1932367149758454
58,0.1932367149758454
59,0.1932367149758454
60,0.1932367149758454
61,0.1932367149758454
62,0.19806763285024154
63,0.19806763285024154
64,0.19806763285024154
65,0.19806763285024154
66,0.19806763285024154
