0,0.00966183574879227
1,0.014492753623188406
2,0.014492753623188406
3,0.08695652173913043
4,0.09178743961352658
5,0.1111111111111111
6,0.1111111111111111
7,0.1111111111111111
8,0.11594202898550725
9,0.11594202898550725
10,0.11594202898550725
11,0.12560386473429952
12,0.12560386473429952
13,0.12560386473429952
14,0.12560386473429952
15,0.12560386473429952
16,0.12560386473429952
17,0.12560386473429952
18,0.12560386473429952
19,0.12560386473429952
20,0.12560386473429952
21,0.12560386473429952
22,0.12560386473429952
23,0.12560386473429952
24,0.12560386473429952
25,0.12560386473429952
26,0.12560386473429952
27,0.12560386473429952
28,0.12560386473429952
29,0.12560386473429952
30,0.12560386473429952
31,0.12560386473429952
32,0.12560386473429952
33,0.12560386473429952
34,0.12560386473429952
35,0.12560386473429952
36,0.12560386473429952
37,0.12560386473429952
38,0.12560386473429952
39,0.12560386473429952
40,0.12560386473429952
41,0.12560386473429952
42,0.12560386473429952
43,0.12560386473429952
44,0.12560386473429952
45,0.12560386473429952
46,0.12560386473429952
47,0.12560386473429952
48,0.12560386473429952
49,0.12560386473429952
50,0.12560386473429952
51,0.12560386473429952
52,0.13043478260869565
53,0.13043478260869565
54,0.13043478260869565
55,0.13043478260869565
56,0.13043478260869565
57,0.13043478260869565
58,0.13043478260869565
59,0.13043478260869565
60,0.13043478260869565
61,0.13043478260869565
62,0.13043478260869565
63,0.13043478260869565
64,0.13043478260869565
65,0.13043478260869565
66,0.13043478260869565
67,0.13043478260869565
68,0.13043478260869565
69,0.13043478260869565
70,0.1932367149758454
71,0.1932367149758454
72,0.1932367149758454
73,0.1932367149758454
74,0.1932367149758454
75,0.1932367149758454
76,0.1932367149758454
77,0.1932367149758454
78,0.1932367149758454
79,0.1932367149758454
80,0.1932367149758454
81,0.1932367149758454
82,0.1932367149758454
83,0.1932367149758454
84,0.1932367149758454
85,0.1932367149758454
86,0.1932367149758454
87,0.1932367149758454
88,0.1932367149758454
89,0.1932367149758454
90,0.1932367149758454
91,0.1932367149758454
92,0.1932367149758454
93,0.1932367149758454
94,0.1932367149758454
95,0.1932367149758454
96,0.1932367149758454
97,0.1932367149758454
98,0.1932367149758454
99,0.1932367149758454
100,0.1932367149758454
