0,0.01932367149758454
1,0.03864734299516908
2,0.03864734299516908
3,0.03864734299516908
4,0.043478260869565216
5,0.04830917874396135
6,0.04830917874396135
7,0.05314009661835749
8,0.05314009661835749
9,0.06763285024154589
10,0.06763285024154589
11,0.06763285024154589
12,0.06763285024154589
13,0.06763285024154589
14,0.06763285024154589
15,0.06763285024154589
16,0.06763285024154589
17,0.06763285024154589
18,0.06763285024154589
19,0.06763285024154589
20,0.06763285024154589
21,0.06763285024154589
22,0.06763285024154589
23,0.06763285024154589
24,0.06763285024154589
25,0.06763285024154589
26,0.06763285024154589
27,0.06763285024154589
28,0.06763285024154589
29,0.06763285024154589
30,0.06763285024154589
31,0.06763285024154589
32,0.06763285024154589
33,0.06763285024154589
34,0.06763285024154589
35,0.06763285024154589
36,0.06763285024154589
37,0.06763285024154589
38,0.06763285024154589
39,0.06763285024154589
40,0.06763285024154589
41,0.06763285024154589
42,0.06763285024154589
43,0.06763285024154589
44,0.06763285024154589
45,0.06763285024154589
46,0.06763285024154589
47,0.06763285024154589
48,0.06763285024154589
49,0.06763285024154589
50,0.06763285024154589
51,0.07729468599033816
52,0.07729468599033816
53,0.07729468599033816
54,0.07729468599033816
55,0.07729468599033816
56,0.07729468599033816
57,0.07729468599033816
58,0.07729468599033816
59,0.07729468599033816
60,0.07729468599033816
61,0.07729468599033816
62,0.07729468599033816
63,0.07729468599033816
64,0.07729468599033816
65,0.07729468599033816
66,0.07729468599033816
67,0.07729468599033816
68,0.07729468599033816
69,0.07729468599033816
70,0.07729468599033816
71,0.07729468599033816
72,0.07729468599033816
73,0.07729468599033816
74,0.07729468599033816
75,0.07729468599033816
76,0.07729468599033816
77,0.07729468599033816
78,0.07729468599033816
79,0.07729468599033816
80,0.07729468599033816
81,0.07729468599033816
82,0.07729468599033816
