0,0.0
1,0.028985507246376812
2,0.028985507246376812
3,0.028985507246376812
4,0.028985507246376812
5,0.028985507246376812
6,0.028985507246376812
7,0.028985507246376812
8,0.028985507246376812
9,0.028985507246376812
10,0.028985507246376812
11,0.028985507246376812
12,0.028985507246376812
13,0.028985507246376812
14,0.028985507246376812
15,0.028985507246376812
16,0.028985507246376812
17,0.028985507246376812
18,0.028985507246376812
19,0.028985507246376812
20,0.028985507246376812
21,0.028985507246376812
22,0.028985507246376812
23,0.028985507246376812
24,0.028985507246376812
25,0.028985507246376812
26,0.028985507246376812
27,0.028985507246376812
28,0.028985507246376812
29,0.028985507246376812
30,0.028985507246376812
31,0.028985507246376812
32,0.028985507246376812
33,0.028985507246376812
34,0.028985507246376812
35,0.028985507246376812
36,0.028985507246376812
37,0.028985507246376812
38,0.028985507246376812
39,0.028985507246376812
40,0.028985507246376812
41,0.028985507246376812
42,0.028985507246376812
43,0.028985507246376812
44,0.028985507246376812
45,0.028985507246376812
46,0.028985507246376812
47,0.028985507246376812
48,0.028985507246376812
49,0.028985507246376812
50,0.028985507246376812
51,0.033816425120772944
52,0.033816425120772944
53,0.033816425120772944
54,0.033816425120772944
55,0.033816425120772944
56,0.03864734299516908
57,0.043478260869565216
58,0.043478260869565216
59,0.043478260869565216
60,0.043478260869565216
61,0.043478260869565216
62,0.043478260869565216
63,0.043478260869565216
64,0.043478260869565216
65,0.043478260869565216
66,0.043478260869565216
67,0.043478260869565216
68,0.043478260869565216
69,0.043478260869565216
70,0.043478260869565216
71,0.043478260869565216
72,0.04830917874396135
73,0.04830917874396135
74,0.06280193236714976
75,0.06280193236714976
76,0.06763285024154589
77,0.06763285024154589
78,0.06763285024154589
79,0.06763285024154589
80,0.06763285024154589
81,0.06763285024154589
82,0.07246376811594203
83,0.07246376811594203
84,0.07246376811594203
85,0.07246376811594203
86,0.07246376811594203
87,0.07246376811594203
88,0.07246376811594203
89,0.07246376811594203
90,0.07246376811594203
91,0.07246376811594203
92,0.07246376811594203
93,0.07246376811594203
94,0.07246376811594203
95,0.07246376811594203
96,0.07246376811594203
