0,0.00966183574879227
1,0.01932367149758454
2,0.01932367149758454
3,0.01932367149758454
4,0.033816425120772944
5,0.043478260869565216
6,0.043478260869565216
7,0.07246376811594203
8,0.07246376811594203
9,0.07729468599033816
10,0.07729468599033816
11,0.07729468599033816
12,0.0821256038647343
13,0.0966183574879227
14,0.0966183574879227
15,0.0966183574879227
16,0.0966183574879227
17,0.0966183574879227
18,0.10144927536231885
19,0.10144927536231885
20,0.10144927536231885
21,0.10144927536231885
22,0.10144927536231885
23,0.10144927536231885
24,0.10144927536231885
25,0.10144927536231885
26,0.10144927536231885
27,0.10144927536231885
28,0.10144927536231885
29,0.10144927536231885
30,0.10144927536231885
31,0.10628019323671498
32,0.10628019323671498
33,0.10628019323671498
34,0.10628019323671498
35,0.10628019323671498
36,0.10628019323671498
37,0.10628019323671498
38,0.10628019323671498
39,0.10628019323671498
40,0.10628019323671498
41,0.10628019323671498
42,0.10628019323671498
43,0.10628019323671498
44,0.10628019323671498
45,0.1111111111111111
46,0.1111111111111111
47,0.1111111111111111
48,0.1111111111111111
49,0.1111111111111111
50,0.12077294685990338
51,0.12077294685990338
52,0.12077294685990338
53,0.12077294685990338
